1980 5824
7543 8354
8421 3859
4635 7945
6625 84
5259 2194
5107 9532
4744 4079
4284 8871
2192 2093
6068 4619
5975 8568
482 2021
7258 4636
5703 355
9000 3871
8519 9899
562 101
8446 1800
8756 7543
8640 6250
2951 2334
541 5494
7020 3506
3300 2730
3479 183
4660 677
829 8068
2701 7484
6022 3237
2450 5809
9705 4607
4525 8035
3805 2603
2699 860
1030 7942
6303 954
2846 8230
5273 6160
5395 8546
295 3869
2358 191
6393 899
5696 5558
218 4947
2717 6898
6688 7661
9236 1215
2159 5616
161 1995
4398 4034
6679 3237
7987 6514
4518 3589
8311 2433
1944 1644
3617 7109
3051 2947
3952 7944
7250 3515
9486 7689
4571 8437
4423 9002
2174 8594
9104 5277
1866 9543
3622 8325
6754 5852
7024 6125
4909 3456
4088 4537
1000 5967
2262 8047
5993 1177
928 6954
5306 2191
6441 3173
5129 8567
1066 4739
8007 8871
9679 8596
4435 7453
4448 184
5042 3122
6180 9518
8959 1008
5040 4028
7740 6165
1194 9154
834 6165
5971 9078
7403 1808
9635 5601
6875 1999
5854 5869
9733 905
6596 2184
5396 1961
1068 1766
7927 9903
4552 4102
3586 3716
6228 9202
6571 4794
3855 6784
6674 8213
4455 2727
14 286
8612 9210
4293 3236
1193 7890
5361 8901
388 3971
754 2123
7650 4376
1813 782
4418 326
2413 3949
1041 9757
9430 4847
6714 8398
2129 8294
6932 5468
5282 5395
5440 4866
642 8526
2060 3328
8371 9169
9629 8146
8888 9715
2452 2062
1739 7298
2080 4897
5939 5203
1792 8134
2440 9070
447 5321
4149 220
2807 255
960 8677
2393 8681
3667 533
2142 6631
46 9589
3946 8744
4727 4416
2218 949
5316 9678
7862 8878
421 3026
9775 587
7216 182
1519 9383
5449 4970
9255 1495
2252 8637
9400 8379
1545 4081
170 589
7343 2714
3037 9267
810 788
9287 4964
4500 3537
9367 1762
6276 3537
6084 2930
4610 5584
349 5284
8844 7065
1615 7992
9699 2745
1857 6682
8806 1973
8314 9694
3823 4156
245 4575
5801 1264
6359 9939
8727 9727
6060 785
7768 5482
9672 2348
8386 7045
3265 6776
9131 1507
4013 3509
6458 6046
402 2549
7418 6786
3333 4202
9169 5426
550 3399
2570 9966
9835 5401
7420 5437
7143 1432
2747 736
8656 5106
1136 458
6182 45
4781 7369
2714 2345
3373 9624
6693 8060
4057 471
7068 7119
1184 9710
5431 478
3479 3997
2721 6111
4491 4463
2002 1161
9703 7268
7492 2159
4758 3373
2701 4419
5551 8767
396 5548
2030 6734
4296 3730
9433 2856
6115 2675
5261 8002
9505 288
318 8123
5401 1777
6662 9011
2282 3993
6525 9887
9176 5089
3906 9746
4212 9376
9484 7197
9482 5505
7757 9713
238 8901
3915 244
4517 1515
3008 1579
4692 1089
2522 5323
6648 6653
3466 7730
8357 868
8803 3808
5863 7277
3599 3921
4322 2689
5016 4270
475 6413
9367 6568
4440 6874
5323 1633
5888 9410
2080 3878
342 8010
5324 2854
7093 8957
9339 6809
3025 8022
9359 1948
132 8941
6712 406
2612 4348
2111 1720
7876 9354
4430 6415
5917 9122
9500 1522
1864 8247
1928 9124
9018 1793
8395 7895
3453 931
1427 2698
1290 8915
1902 3428
8697 7211
1952 8042
1465 6958
3765 4305
4093 5505
5395 8607
3197 3333
909 1285
8352 850
3369 2138
9703 344
8721 2857
110 6320
7223 8531
5645 8078
5924 1199
6075 8991
1642 6428
5874 8905
5821 9298
2060 3713
830 4990
5276 7454
1573 6515
1276 9247
8651 9418
9494 1414
839 1909
9914 2716
5347 7811
8256 3739
915 799
1434 6893
1938 5323
4915 7318
2441 9207
5898 1213
9021 6935
4729 8571
4261 5605
3397 2477
4429 6157
628 7367
3240 1214
5410 7828
2705 8210
5903 2626
1290 2275
1028 6406
8346 7245
5682 4237
6866 5580
6601 558
2814 6972
9353 3641
8108 9235
2167 4592
8482 7053
1446 1559
837 6057
4296 7049
7727 660
9789 9102
4152 3194
4642 4748
384 5094
365 9077
341 3423
4173 8608
67 8968
1624 6067
9611 4342
7838 4472
8440 6813
8536 7920
6823 9511
2342 3311
5122 1560
8118 7705
5586 2633
2958 3917
4513 2176
1427 2521
583 7898
9830 416
5493 7220
4932 710
5115 8910
2927 5732
6128 7733
1061 1015
3151 4410
669 6337
659 4597
9989 7455
7866 2189
5623 2849
4190 6119
3947 5583
2831 2574
9137 4738
1487 5006
9246 7583
372 7082
6833 8565
2242 6279
6331 7013
9606 7728
3921 2071
3558 958
5340 1348
2102 4363
2281 5432
3410 6796
4617 9015
9622 6988
60 65
8859 6393
8208 8235
8576 8792
937 4221
2107 2429
7339 9818
7125 7949
6068 2006
4351 4377
3854 3516
4838 1619
7072 7108
7268 7922
1332 1660
2036 2325
6621 4682
5989 5902
6141 2947
1591 7722
1172 2694
1428 4190
9730 7749
1930 6555
8414 5714
2221 4590
6099 6604
838 3184
7206 3442
1129 3899
810 7135
525 359
3071 8600
8334 3679
989 3482
9862 1234
3360 6982
2228 2499
6950 9348
9556 5752
808 3007
364 4893
9 842
953 260
5712 1519
4758 5137
1840 8217
1650 1472
3830 1577
9263 3300
2662 4962
4223 3503
8354 4494
5910 480
9844 9544
486 3702
9640 8709
5341 360
5781 4874
5094 9778
7948 2682
3242 3990
4743 4344
5247 5967
4038 323
7305 4537
2629 7341
9860 7853
3870 2879
391 3866
5735 6193
7659 8070
980 2249
4022 115
684 9395
4177 2408
1768 6861
7212 1061
9750 6254
8277 8605
5808 4719
3476 9180
7927 7099
8781 6593
6107 594
1940 6858
7152 817
542 1601
6032 2578
8640 385
8925 9284
3049 6482
61 1119
2 6299
2289 9557
222 8448
2037 4238
6243 4306
1899 739
8131 9865
5097 9975
7762 3194
6571 8483
8356 3164
754 2573
8660 9154
851 1827
345 8894
4208 9811
2251 6178
5358 7332
7160 6855
9770 7207
4438 6683
6490 1754
3551 4176
1220 5744
394 1325
898 9561
4834 6254
2209 2672
8140 1430
3785 2629
5334 8039
7328 9396
8727 8606
4705 7228
3035 8180
4269 8942
8314 3977
6939 7548
2951 4352
6308 5291
5947 4559
1240 646
9167 2577
7641 7863
7315 6012
5893 3242
3613 8579
5004 5488
486 6075
8591 3975
6074 1856
8251 87
1269 8359
436 8771
4862 520
6489 7220
1094 2174
5826 8179
267 505
4872 1866
3623 1683
3435 8577
6171 5620
2601 2592
5102 8252
7803 801
68 119
428 278
2141 4115
42 5399
2807 9567
2197 4959
2461 2757
4347 4446
749 9608
68 5680
9664 7416
8893 4834
8317 1755
4331 2861
1265 8682
4275 522
4428 9936
273 216
1640 1749
491 4091
462 601
3398 2865
9258 2391
3746 1951
4444 5377
6153 1857
6070 7097
436 8664
9545 7297
6912 6319
8118 4874
396 4149
5598 9246
6024 9145
5371 2944
9117 7308
391 4785
3104 2890
299 2526
6170 206
9572 9860
8452 9691
9302 6151
6983 3184
8558 18
9279 20
1915 8603
2275 7629
8496 616
2568 6731
1952 1753
8224 8038
4810 8129
3164 9283
7879 4718
2349 853
3872 249
3432 1435
7860 4485
9206 1128
5976 7628
4778 2446
5524 6300
376 9513
6544 3191
9051 154
1747 9539
5566 4392
9694 3646
5555 2798
1142 9117
3206 3612
8318 4248
7022 2460
3949 5318
5714 1558
5363 8768
5887 6530
6126 457
8416 806
2568 1392
8454 3444
47 736
2744 6589
998 53
9542 1548
9935 3019
8057 3328
548 8221
5311 7133
5912 4775
6384 6328
3374 3143
5242 7692
9958 3215
3999 3207
1145 3883
398 7904
8951 8207
1238 5537
5125 8505
3528 4700
6930 9315
8726 587
4701 2345
2691 3786
2351 2346
8353 4111
7639 128
6944 7555
2350 8513
2485 3573
1004 6962
5491 7396
1126 5081
7303 5268
8562 712
8184 1907
921 1472
9583 7919
3959 3325
7718 2100
6476 2431
405 1368
6101 3051
1893 9919
1338 4588
4173 8524
704 4780
208 4167
9692 2607
6500 5441
1499 7452
871 4448
8065 9254
8494 1707
1314 7313
3771 1324
6311 6431
3128 382
3266 1950
8033 6540
5377 1569
3828 2879
6856 7624
5462 5877
4874 9564
2758 2445
8033 5343
5573 8085
5488 6949
9361 9831
399 960
1058 4578
8308 4242
1218 1906
1941 660
5063 4118
4155 7061
3924 1553
2739 3436
9036 4488
5563 8633
8953 4409
1389 7586
2199 8698
1508 7766
337 1725
7340 239
2990 8558
950 7148
7966 4878
8123 388
5114 5658
8222 1137
4690 5987
5176 4805
8557 4612
2613 8787
4133 3089
7375 732
8418 1628
5091 6445
6053 566
2797 2251
7918 3016
9922 7079
9595 3340
9068 2535
25 8779
9754 236
6258 571
1763 2827
7547 6151
7495 5281
5770 1619
1709 1660
9206 430
2856 9959
4263 780
3280 2160
1962 3270
1333 9137
2582 1671
642 8154
2054 2814
4587 9430
303 7711
8413 4630
3204 5376
5058 2408
1638 6234
9511 1079
4456 9139
3866 7515
855 3145
3475 53
9870 2978
6467 7491
4180 7951
1122 6659
2563 1072
5968 2128
9471 4683
5447 2571
5063 2942
7623 4555
7607 4310
7507 9054
6867 7650
6338 2767
1753 4456
8614 7881
1993 1929
9241 238
6550 564
6898 5276
6991 3115
1982 4219
4484 5277
4425 7218
3029 5175
7826 9355
8328 8789
8448 8447
6163 5839
5716 2410
8757 1086
9079 5926
6215 5679
752 3744
9582 8272
871 9782
9132 7244
5730 481
6579 4256
8558 8099
2027 9717
5576 1262
8150 7776
2972 4587
1246 9056
5397 171
1584 640
9634 792
9352 2496
425 8952
8188 2915
6 8214
3749 1648
6711 3177
8332 3581
1110 621
8863 1707
4244 8611
5602 3832
6057 1391
7344 5303
8105 4438
6123 3559
9169 5013
4308 9271
583 8426
5853 1284
8408 8906
6756 9979
2949 7523
9964 6515
963 3728
7395 9064
3776 7142
9851 6836
6431 4657
513 3268
1563 1158
9905 8498
9061 7377
701 5561
9220 9110
241 3942
8514 1758
147 1204
6014 5466
4372 2073
5302 8235
1982 887
4113 236
3564 510
8315 4318
3649 1728
5587 4427
5955 1502
4523 5878
9776 1055
5617 7115
8205 7276
9761 2831
7387 3454
3789 3229
7803 1112
7503 1236
6603 3886
8272 1654
2751 1267
4509 5928
6263 4734
3714 2962
8721 8638
1 6396
7676 240
5061 3493
8060 1356
7319 6503
9450 8153
2231 518
695 744
7932 7173
9192 4613
3423 4930
5505 8596
662 418
6411 3402
8736 8003
317 5347
9759 8614
5484 6232
5711 9015
3127 1342
8854 8228
4155 3510
6864 4244
5551 7042
4634 2091
190 2292
1038 6937
7970 8680
4838 5039
2783 5711
2708 5389
7345 5936
432 5631
5280 5004
4623 5779
8319 6661
8015 2671
8833 5938
6764 3690
8882 3095
217 1464
9741 9692
4379 7806
9377 7825
8748 4326
828 6403
8102 9143
766 653
2187 3532
2264 4380
6982 5193
7544 8225
9902 8386
5156 3660
9204 7230
9608 5852
2908 4987
7041 5637
6989 9205
9039 5453
8883 2743
9610 2832
8184 7504
1894 3759
6956 1685
6876 2014
3136 660
7475 7312
2679 3766
4832 6287
1022 9468
7623 5476
4232 4020
2057 2150
7175 4310
7753 594
8794 9644
3736 3487
5397 5261
1147 2018
6356 3992
7896 1915
8429 6884
9274 8326
9877 355
8618 8876
2319 9434
9365 4981
3447 9477
9432 2596
7350 6203
8658 3407
3660 639
8237 9121
1811 4366
4430 6119
3584 7559
9283 6952
4224 3944
4244 4543
2248 5566
5796 1843
3900 666
1682 2275
5182 4256
87 2499
6021 5077
441 1940
2534 4905
5919 4361
8491 518
7342 9153
2782 9470
2003 6208
3569 3739
8514 4209
1286 9023
9039 5856
9894 5083
5177 5685
5959 1273
8965 6522
3746 7422
2974 8095
5888 6460
9770 7085
8947 3050
2411 7393
8441 9729
3937 1546
3136 3339
7120 2283
9464 6122
2910 7320
6341 6532
1385 4781
2253 165
6634 889
2382 6162
4469 2786
959 8769
1059 7131
1202 886
2717 6726
3727 635
7961 4027
3108 4377
7163 9597
4847 2949
6591 9834
9392 127
4237 3438
6590 2275
6514 902
8300 7439
9341 678
9050 8439
6788 9023
418 528
2767 9843
3132 5163
9216 6152
6235 2063
1663 4750
9171 9073
2431 4890
5139 4535
1419 6166
5559 2473
5630 5410
7148 5874
7905 7953
3496 7686
3573 6080
7911 9419
4521 7282
3974 6520
1925 6190
14 5133
7469 6502
2535 1881
5268 9151
549 5340
7741 7561
2520 8509
8860 4307
3486 9832
9894 5241
3003 9442
4639 3989
9853 4449
4859 4724
8688 6056
1076 2242
3414 8517
8422 8224
9112 6356
6084 1898
1852 5748
6763 6919
6667 4426
2431 9491
2339 9354
8117 1872
8580 6245
8065 9262
9252 453
9000 8214
8864 89
4616 4643
2427 1440
248 442
5373 6296
9981 6297
5570 7049
7747 6579
1268 6860
2343 5536
1067 7170
1474 3280
8962 5197
8871 2455
3100 1299
73 6184
9065 1768
5830 8569
4374 5633
6399 2431
2494 8356
4578 8670
1058 4481
346 6352
577 8781
4581 2295
710 630
5528 5106
8802 6055
1166 3833
5504 6027
3602 1782
6449 9257
7045 407
5841 1566
7799 6516
933 1385
1667 7398
6111 5424
3762 1419
1643 523
4134 5649
8881 4693
8251 4072
6762 8971
5022 733
4934 8452
6553 2180
829 135
1258 3622
8054 1182
3408 26
5546 8855
9631 3670
192 4669
2840 6197
8085 2410
3568 5894
5846 1791
5480 8234
1849 3049
5104 3746
9691 8159
8535 3565
7771 3834
5394 5659
5554 2805
429 7248
5210 9109
8966 3732
1265 1692
5281 4530
812 5791
6946 6471
6300 9600
5819 3653
3393 7164
8710 4904
9707 7785
7995 3079
9836 2140
8692 4938
397 8653
255 1019
5837 4256
7264 3323
2343 4577
6588 6008
5272 2336
2902 5963
2193 8097
5974 1096
3994 5186
3570 6158
5036 2858
5681 185
8926 4044
123 7974
6141 4323
8332 3076
811 5728
7968 5679
8851 8064
1666 3592
7348 8301
4568 3652
6165 2383
3889 4485
6803 7254
9804 767
9646 7892
7617 3847
1308 842
7213 4190
6927 7821
1358 2318
5531 2515
7705 5283
222 4020
6335 7788
161 794
1541 1355
3152 8416
1330 3314
3892 3304
9661 7002
670 7711
6160 5455
853 8956
5130 7536
9461 5504
8694 8120
2959 5918
65 6651
59 1517
9674 3221
1056 5491
7857 8395
3142 8541
2369 9558
8301 3408
9939 3839
8407 5514
5522 5526
6067 7270
7263 6985
5361 4754
1305 1700
1921 6440
19 2020
1172 4061
2034 7669
2457 4675
5417 4461
5449 6401
1306 1395
4500 9975
6894 9064
7749 1587
5478 5483
9403 5298
5877 524
1440 1466
6248 9016
7935 1030
1788 5705
8532 8662
4121 3932
6297 5492
2887 4210
115 3483
2773 1283
4396 7086
5380 3937
5924 1103
2605 3980
9050 3126
2996 8343
493 6528
5796 8744
1707 1717
1775 7020
8198 8935
676 181
3846 7545
2795 8240
8541 3594
7248 2030
3148 8214
9530 4292
9401 8654
8907 4494
8046 5352
6498 1177
6396 3136
5159 985
5669 533
7156 3601
7552 6583
6916 677
7852 6602
1136 8490
2321 4900
8123 9380
3605 7516
2618 8744
9694 7079
6643 5395
3837 7599
1125 7877
6636 7934
5196 7082
3569 8822
5458 5759
3161 7754
917 8214
9696 8959
5083 2201
6380 9867
5495 9494
3533 8432
8562 2854
2344 8498
6955 8553
9217 546
3832 9040
5192 5785
6569 6395
1264 4380
6787 6464
6086 68
2616 1393
2354 5566
9372 8649
7343 7879
4153 3024
1177 2046
8157 7720
8679 5618
2670 9377
7837 4038
7307 2204
2607 6919
1278 4003
6785 7304
2006 7946
4836 1655
3300 8045
2237 4466
6135 9267
5444 2100
2722 7113
2497 1194
8853 4548
5512 9239
8827 7820
327 8838
5004 578
8540 7900
7600 818
7975 4738
8365 4891
7915 487
8556 313
9225 4691
5614 2525
2260 1914
5894 5092
3533 4700
9583 6942
6417 8455
8063 4873
334 4539
7560 5213
8095 7891
1822 3147
5499 6981
6709 162
91 756
6828 709
6444 4122
1539 4726
5389 8837
897 7391
9331 8600
9614 232
9128 6538
2132 3562
1996 3380
3108 6454
4117 3190
8716 9329
2217 3553
393 5989
5108 4187
7067 5279
6473 2946
6256 4658
3676 6813
4074 2700
4313 3123
8631 668
9918 749
3237 2130
293 462
2534 8320
156 4820
3940 7529
3191 5078
2339 1239
2442 3076
3272 9956
4439 1904
7537 2503
7427 5618
7719 4130
9415 7459
577 1387
5234 9529
2602 9612
4557 2415
6310 1990
5044 2401
5162 5482
9646 3564
5213 6870
2737 4455
7773 8714
6608 3120
1072 6620
8051 9770
36 1330
8389 3758
7392 7243
1740 8077
3026 3592
9588 3901
472 3022
5996 3755
6038 1063
4513 2206
8939 5818
3851 1521
3258 7442
6447 9971
8719 1774
1509 8743
7603 2630
3877 508
4512 5285
1503 7453
374 8787
823 1335
9376 5070
1614 167
1352 4329
4553 6804
8818 6281
8696 9891
4821 1421
861 8295
5049 7274
8504 6434
7198 1517
1744 3470
6149 7053
6184 1663
9048 9957
5699 7337
2122 9720
9196 4350
8230 4628
6905 5036
351 2302
7664 7416
804 1178
4833 9254
2415 9362
1194 2121
9534 7556
7660 1791
1268 2262
8545 8125
8310 2715
6865 9875
2027 5911
8498 9846
1119 4782
951 3157
9942 7203
7728 3912
63 5946
2741 203
4006 5409
7955 4878
6198 4594
9668 5814
7212 1694
3204 6665
1534 3947
4015 4396
4394 9180
5713 8169
2203 2103
6613 2836
986 772
4115 1870
7743 4992
6616 7222
4622 5623
4710 6263
3500 5784
2770 7626
7927 9804
6497 8771
4690 6833
1980 8365
9138 1916
32 6062
9366 7871
4468 8236
5714 267
6398 9195
821 9552
9186 3557
1093 8309
1712 7346
9267 3189
8220 6399
4163 9505
4021 8746
6988 1548
3950 8767
7729 6908
986 3549
6456 8029
9703 9442
2764 2284
8618 8151
2656 3773
6252 167
9732 148
805 5825
6571 7853
5179 1864
2866 1954
1888 9414
9878 3122
1860 9652
759 4058
2010 1403
3236 4602
6332 6377
1330 2852
3286 6479
8600 9070
8112 8154
3548 6686
4231 5484
1549 5829
2582 9101
2982 1316
9131 9424
4907 4665
1730 8129
8235 9861
6947 9216
7004 6661
7026 2400
2664 3393
9072 278
5510 4656
1506 2717
40 799
4288 6786
9373 1713
8276 6368
4156 8982
3551 4997
8846 4706
6943 1551
2724 6408
6258 481
6496 6075
3136 6418
7816 3382
6144 3013
1834 111
5645 8859
2258 6845
9425 7533
5350 7811
3250 6888
6101 2967
3839 5787
5298 4574
9435 5786
2806 3477
8523 3264
76 7212
1598 2338
4380 7468
6183 7739
3185 1124
2073 8187
1813 4811
4390 3001
6349 1751
1695 6396
5296 6109
615 3296
7077 2146
3475 4595
5084 4225
3236 5169
1119 5949
2538 2732
9057 6769
7525 4081
9206 3098
166 7941
3734 5261
3103 7882
9831 6368
2859 287
7798 3116
5379 9939
4695 8360
5059 5495
9398 8661
123 449
5424 7975
8053 7904
5835 7503
274 5855
3066 9490
1130 5976
8860 6491
5935 8050
8908 1171
3564 4508
7335 6908
5473 7726
9200 1051
6789 1534
823 1151
7940 4744
1063 3670
2913 8342
4838 2613
1159 3453
5807 5309
1000 9329
2491 1135
4674 9475
1585 7586
4125 3593
8599 431
1854 2089
8687 4653
7761 2742
3105 9345
2790 2440
4811 6517
2625 5427
3590 2580
4104 3630
8888 1466
3870 376
8094 1491
6868 3886
6541 4683
9899 5506
8722 3229
842 532
7764 7564
7292 1297
1668 8671
3098 3384
3159 4342
9700 1000
735 689
3375 6760
9036 1990
2414 5352
1327 1562
7758 789
3977 6626
4832 8335
3835 5242
8767 4956
454 5176
8487 4078
8850 7633
6856 8696
851 814
6131 4451
5287 2860
6274 1264
3377 6664
6813 4790
1248 6997
2857 8779
6799 5697
6519 6478
5892 1845
3432 4515
6965 4997
3802 9405
2801 4664
7762 2667
6021 194
9232 7583
9707 1761
7608 584
4631 3589
6223 3263
9420 1070
2779 5039
4746 8044
2066 3677
59 8783
67 3167
3658 8565
6678 8515
7578 8690
3523 8506
2937 6197
6424 8278
4456 8019
7183 2718
4086 4103
9571 6
5473 1778
4235 942
2503 3587
1026 5124
5052 4642
3989 6044
5052 2297
3035 9399
4581 4018
72 6485
4552 5015
4498 2944
2878 7953
9145 179
5160 5132
355 3766
7319 8587
8472 9732
3829 3760
6420 6640
2570 5124
2549 4539
69 1292
7226 9719
5460 5550
3558 409
5736 748
5484 520
491 1835
216 6880
1570 9068
1408 24
4002 1281
6700 9241
1993 4504
2785 1450
5019 1684
9782 2424
7328 4379
17 8005
4338 5140
3684 8586
1104 8212
5978 2050
5300 8271
5741 1807
9371 776
8164 7513
5886 4622
9036 748
9032 9601
7397 7675
3971 7811
5703 3615
1599 446
3634 637
3155 7877
5452 7198
3054 6131
9322 3563
1520 6288
4338 5651
8868 612
7504 7607
9173 8152
3180 9510
5084 2566
1981 8458
4735 9887
3733 9286
6871 9849
3851 8087
6120 6276
5920 2406
1806 4309
5395 4122
351 357
8134 1945
8608 7756
6523 7740
1582 4898
8018 4701
655 5424
9208 5597
7531 376
4431 830
3648 7611
4935 2301
2789 9173
1517 5863
9469 5971
3429 4773
2864 8777
348 2342
1332 9583
5042 5920
7473 5275
1744 2071
4750 1655
6770 396
1352 5139
5031 6108
5726 4970
3250 7993
4433 6453
4186 4221
1578 8107
7319 606
8243 3128
2996 7369
3980 9051
3485 5573
6685 6570
5211 7743
7178 2410
1686 532
679 2080
8391 5609
9169 2794
9623 9221
595 7481
8762 415
1972 370
6987 5558
5711 6879
9009 6624
4023 8842
1072 2424
5562 8311
9238 5079
8548 8538
7927 2276
5818 7873
8616 4754
1565 5716
2803 1178
5732 9567
2376 8800
2339 4423
7166 6851
2444 4408
4803 7644
2737 6504
9290 5077
1810 5744
5034 2975
6684 4877
3092 3549
237 3399
400 2211
7211 4247
519 1319
3365 267
7360 2569
5785 8373
6078 6945
4890 9285
535 2497
3300 4889
665 252
2539 9685
6206 9989
6428 2591
9145 5566
1150 6766
5568 6626
3846 5949
727 1775
1171 6211
7706 9286
207 819
8569 6395
3785 8011
1746 1568
362 3189
4714 4507
7293 1212
7308 9203
1323 4371
5466 4723
9915 9632
5514 5513
3377 5079
2095 1919
7017 2911
8949 4167
187 6699
8083 8546
170 5885
8516 107
964 9029
7232 4660
2640 4647
9074 3664
9899 7621
7511 7849
7457 3316
9802 7593
8409 702
1964 3932
400 4882
3714 6233
4872 464
2827 7484
9646 7947
2843 4284
845 4471
5207 2619
7306 1199
6537 2289
1441 2294
7453 1053
9888 4678
6525 7142
8791 1516
3824 936
793 9908
977 3612
667 2125
6710 7254
9523 1417
5996 2230
8518 8709
5456 1382
6562 2284
7100 1297
3073 64
1151 2711
7527 71
4087 7166
1039 756
5198 1810
9918 6334
4684 8527
430 5337
7299 5294
7792 4749
6034 744
6505 5068
297 8340
92 4204
6665 9382
4379 8877
7562 6488
9008 759
7248 9626
7848 3532
229 6039
4224 8197
7506 6297
5469 3376
3580 8081
9448 792
7528 3517
7043 4566
1508 1829
8932 3923
9055 4809
5713 2711
1565 5299
3849 6373
191 6725
33 5039
2479 9200
6972 1683
2536 3166
7627 8105
848 1015
5105 1879
9535 2462
1038 1824
8819 3522
4816 15
4930 7465
409 7606
1169 9359
5504 9359
5118 3140
9904 1938
7037 249
3612 106
6639 6539
8800 2135
7893 4530
9282 5020
3750 9004
9578 8194
265 2281
6806 6595
1747 172
6692 9907
167 3651
8955 5217
2426 2816
4588 4750
9812 1495
5111 940
7966 9157
1381 518
6704 8528
2517 3548
7643 4667
8332 4186
5640 9600
2997 3665
5921 7276
3868 7239
8995 6019
4033 9614
4511 7201
8526 8763
9787 4057
6029 58
5111 4170
9676 4535
7818 3032
6338 2565
1800 1894
4571 3791
3499 6669
5272 5015
6184 8472
9984 3927
4043 9164
8750 756
6499 3432
2295 3042
762 9818
9040 1941
6567 2790
851 7807
2319 1148
6300 7467
1796 7848
6293 9331
3286 4872
8954 4533
2729 5895
6392 1004
7343 6460
3674 7705
6156 3642
7927 372
4924 8971
2640 3450
6591 8334
7798 8891
9652 254
8431 1995
4723 5909
3557 7078
5920 829
1551 6826
5083 6997
2142 3444
7182 5300
6895 6737
7053 3737
4028 2822
5327 8559
503 894
3437 7612
1659 1976
6894 8434
3481 9610
3836 6590
2380 7611
4704 284
9508 4214
6699 4993
4379 8119
7628 5703
6630 4116
2742 3997
1724 713
6118 5079
5792 8271
3887 5535
8931 3879
4305 4358
4277 4259
6484 8871
5154 5436
1407 309
7992 9096
4034 8303
1525 9879
9857 3721
4817 5016
3912 8094
2349 9813
8452 7492
4288 1738
9133 9429
2478 3304
346 1865
4540 8434
5982 1983
5577 2142
714 596
2905 2753
6244 4337
8900 940
6333 1859
2902 5724
9346 6440
196 4196
1173 7109
9652 4717
7392 1368
1281 6922
6302 7575
9414 5828
4122 2643
8677 2751
662 9520
1670 6099
5796 2259
9666 7115
8931 8055
7621 1190
9925 6952
8282 6788
6779 6636
2714 612
1114 7891
4973 8894
4779 6655
7753 7642
9591 3858
4025 7605
5312 1997
6744 6450
8070 9392
1014 3502
4413 9776
4319 9711
3755 9431
3831 8593
913 3774
7537 9155
3628 9857
1688 8631
1607 1167
439 7763
7265 5630
5249 2120
5086 3824
8807 1493
6151 6848
2356 5171
2196 4584
6329 6700
6033 3778
1006 7992
3705 6475
4833 6075
1038 3502
5049 8622
1224 1876
8028 1292
7813 1399
5028 5101
5291 8540
561 8186
1825 3372
6190 666
5991 718
414 334
1802 1401
6151 3421
1422 7767
6066 5244
4234 4333
3369 1310
655 1185
2289 6753
4326 9195
8504 5042
2109 3823
3851 5795
3490 3157
9443 352
6718 9953
6019 3360
5586 7840
8837 8
1579 5968
7767 4203
6271 7219
2411 5215
186 1676
8054 3734
71 1544
8181 9762
1998 7961
2736 3458
469 4647
812 7347
6455 4230
9359 6627
6924 3933
2627 3746
2151 6486
7368 9192
7298 6729
7964 3874
181 2384
4350 432
9909 4876
5117 5219
4177 8458
8494 9773
1743 9360
3683 8177
6042 9838
9177 3912
9558 7324
7178 638
9584 4680
6203 6146
1914 3821
6930 6167
8347 3544
6990 514
8633 1031
3046 4097
75 4492
3920 8800
9206 2558
4742 6963
9961 6172
6669 5289
3558 2882
4413 9385
9081 94
9541 6607
3543 6495
4650 165
1265 7307
7689 5620
9631 6094
3506 3818
8457 2405
944 7371
2375 2381
9875 3797
2611 3877
9604 520
722 7357
5273 8497
2994 7388
2301 5766
9082 1120
8341 3374
6027 4899
8106 7372
7028 1751
198 700
9977 8829
1985 8956
5153 5367
7150 1244
1857 6969
7484 8182
7665 787
4325 817
4916 5113
7375 3176
8555 9760
5424 1294
8615 6925
9220 2687
3975 6984
5563 266
4830 4825
8978 8401
5780 5884
8529 4505
703 1626
3207 1494
199 6407
9193 7792
7757 4774
1139 206
320 5041
124 6632
7141 3585
7297 9847
3996 3463
7301 6571
1856 8812
2781 8847
9708 1751
3991 3559
256 9866
8395 7003
6857 3157
2449 9590
8904 1599
5742 9234
2002 5495
4725 2010
3608 8719
7277 900
1044 83
5689 7076
617 8529
6448 8410
6744 1821
300 5889
8697 6222
1882 7090
5313 6136
6920 9935
5849 8005
2921 6498
7155 1383
2115 1738
5148 8495
6533 2707
8553 7540
1106 9250
8316 2050
6600 2170
3582 4224
8578 4499
239 6826
9858 8844
2165 1908
9656 3043
5148 1832
311 1197
9790 8753
8878 2033
4337 8588
6059 2551
6492 8885
2002 5882
6715 3282
5431 3315
2289 6960
6347 2792
4082 7966
1849 9418
4722 6855
5776 6826
7412 4136
946 7853
5870 3445
9787 4599
2137 2856
8653 4703
9537 961
1613 3022
5995 5774
8745 8673
6012 953
1145 178
8061 1981
5957 5187
9618 7191
1284 4060
1310 5521
3031 1454
115 6346
2626 4730
4771 1367
6063 5932
6817 3629
166 5606
1767 1940
9012 7947
4253 1806
1276 7697
9069 4400
9556 5122
9126 1392
9458 1908
980 4487
5558 6358
9611 2307
3195 2239
4744 8001
5048 6983
3107 9531
9416 4541
3904 7225
4225 5677
7836 1090
6969 6969
2939 353
7641 3042
9529 7841
412 7139
1218 5416
9510 3040
3484 7734
1636 5075
4424 4586
6673 6658
8438 8554
7823 9951
8297 3199
1113 7814
9238 8562
505 7834
2659 1072
5715 5944
9244 1388
2711 1881
1527 947
218 7759
1216 5719
5051 1189
104 6737
6817 7890
8681 1820
7171 9455
4871 3116
7327 6203
8234 7561
1963 668
3466 5116
4749 7788
9333 318
3175 8481
8216 4694
9155 3112
9447 3145
3548 9110
2246 4556
5818 7272
6163 4351
7432 7591
4285 4803
2554 6523
3674 9370
4264 5175
7950 8422
155 2132
8343 767
8558 5404
400 2371
9327 4296
1440 8197
1751 8846
8071 775
6315 771
5669 9836
1177 811
750 2439
8876 9695
3583 8588
404 4361
802 7225
5416 1974
8329 4593
1954 9754
345 8088
1959 8078
9910 7870
5639 667
2522 5987
9429 3493
9648 7450
8915 433
1445 2866
4404 8212
5536 8762
7838 2407
3132 8093
39 3853
2503 4622
6907 606
9741 2420
1519 6456
9448 6567
3202 9268
9293 5679
9059 307
2206 9458
4384 2882
4364 9777
3903 768
2878 7073
4540 3021
7373 7936
9914 4986
6295 3886
2978 35
5584 3114
7232 2434
3891 1559
8507 3226
4316 1319
8018 3451
3282 7016
1354 7500
9011 4850
7705 7811
7977 418
5170 6710
7645 1439
5999 6365
5508 7382
3383 1431
3640 5710
7079 7532
161 4104
5313 4843
7904 7219
2685 4435
4290 8810
3352 159
9008 8666
3022 5919
1891 7420
4382 9059
4829 6107
4779 7245
9486 4580
8123 7124
8919 893
3420 1370
1081 2612
7659 1759
7164 7922
6326 9556
6383 653
8312 857
445 2081
3549 2602
7024 3984
3893 6918
5189 793
3259 9460
5911 7100
7477 1239
5898 7650
1131 8083
2749 1815
4407 6172
3350 1842
2508 9259
1733 9949
6222 8407
8648 2949
7826 8921
3118 5896
1754 7677
4275 2536
4782 7279
6909 2084
5290 5849
1602 7179
8270 2247
6759 2831
8025 9527
2346 4474
4807 9622
8797 3925
7228 7298
4637 2835
6099 9397
6709 464
624 7751
7900 1592
5140 8658
2948 8598
5046 7515
5391 5338
1796 2060
6631 3887
430 9768
5906 9748
1737 7141
1135 3388
9774 235
9723 1268
7431 8457
1105 8991
5679 592
9429 4138
7145 6189
6301 7627
6070 8282
5161 245
1382 3269
2547 3616
4405 6300
1194 9506
5538 5200
4489 1463
7335 4869
8376 9969
8868 5026
1863 1444
1251 8418
1144 6873
8125 7715
7670 458
1978 9790
7352 5951
8309 5116
1314 8415
7147 6914
5394 6555
6202 4978
2899 326
2340 4252
3756 432
542 5593
4345 2311
9499 1655
3197 89
8533 1966
7752 7298
543 3676
6481 796
4408 843
4189 6416
1694 589
5278 4495
7150 7110
7094 7463
7785 8893
814 4870
5782 6549
9457 1617
1414 6870
4244 1583
9706 8008
2326 568
2934 1374
8039 9569
980 6775
2772 5951
4167 3341
9261 5031
9058 4311
4684 1170
3713 2351
664 8058
6202 1570
9709 4555
1137 8188
167 1212
5558 70
5442 3035
3927 5492
1909 2345
2426 6298
2531 3953
8519 5466
99 5240
1866 618
995 3161
3500 5659
909 6810
456 2698
8742 8207
330 9610
8930 4104
1905 4332
9 9563
9644 132
7679 1044
9096 8843
3377 8508
4509 8202
2658 2176
24 4280
8455 9240
2471 9825
6140 2374
6351 1712
84 6096
633 5080
4286 1246
8864 7557
4344 965
208 6850
8184 2282
6109 6000
9896 7080
8316 3706
3012 2812
9225 6688
4061 5392
7424 1188
1554 4508
5215 1137
9127 1939
9638 6233
4268 5072
3356 2235
3028 8029
66 9959
6447 2426
9931 9144
5959 3699
7818 303
2251 5571
8019 6869
3382 3305
2492 4163
2241 4862
6158 3467
7040 1793
204 3835
5175 2263
654 9751
2464 7250
5875 2410
7847 7516
4395 1971
2759 2330
2329 7295
336 1753
3505 4439
9613 7013
7623 4224
1517 205
9506 6682
9307 3324
941 9989
6808 3658
9353 8224
3987 3786
4342 547
9534 3939
1750 8931
1784 2097
4475 8428
263 9201
6413 3237
3234 6048
1561 904
8593 8736
3230 3852
4741 2311
8691 9619
3237 9217
3265 9757
9482 4270
2378 2480
9981 7785
4203 3533
8001 3355
1627 6673
8930 9983
498 4762
874 7419
6115 6655
6321 4986
63 4174
8176 5415
1876 4094
2640 2592
9658 5610
651 8471
6676 2927
592 270
5949 7
5235 4250
1024 7016
4560 1219
3895 6102
444 5099
3865 7167
9449 7082
264 538
723 2990
6240 9988
1307 3078
8959 9092
9710 9005
1884 623
9311 231
1053 5713
8505 8596
996 164
4001 4772
2724 7237
6076 4452
2468 1014
9725 6291
8371 4527
3795 873
9980 7051
209 8674
3076 9038
7888 1481
5168 8388
3583 4790
5435 2042
6994 1317
6034 4529
5683 5977
4009 8934
7072 4490
741 9656
2810 3979
1560 830
4422 7953
4080 5287
417 2479
6571 6819
9335 3774
7121 8994
8857 1245
8171 1064
5946 5617
9143 8102
9073 8859
3604 570
8501 1285
5341 4673
728 8285
6910 8140
9209 6515
6974 2164
1239 9454
1424 8165
5261 1699
636 7225
3597 5684
7488 3177
5237 9275
8369 3919
3472 3138
521 612
4710 4343
458 3402
4740 4093
1652 1363
8115 7822
5193 7740
6643 5751
1142 1226
5501 8230
8704 6071
2469 65
9373 1073
186 5582
4859 5576
6919 6956
6938 5520
9853 4992
1937 9486
4000 3050
6250 1354
3006 154
9767 8513
6354 6705
3761 6342
5607 7071
6549 4981
9758 8245
712 889
1638 6937
4486 3933
511 6181
4528 5175
6539 722
5650 6675
4833 7054
832 545
6975 8289
3861 4279
4629 981
397 3253
9734 4154
112 7115
4446 8108
6106 5851
3795 8499
4515 9045
5577 8521
669 4677
9788 8495
2110 8180
8501 4371
6030 2399
7664 1817
7611 9350
8694 3186
9777 6762
733 7983
4156 9009
6219 9971
5686 7960
8691 2361
1847 3951
8298 8169
5963 4238
5676 6070
1983 9583
5189 4498
1816 7239
7611 1530
6274 1379
9350 6712
3609 4645
363 4635
2780 7818
4554 15
1656 1862
7295 6352
215 8050
3356 5631
6962 3609
4438 3439
260 3519
7399 4055
1513 772
1203 2720
8946 3333
5589 8263
4497 4276
4330 4930
9846 4771
5365 4889
336 280
1061 4144
1976 2743
422 5184
6424 7581
7372 7964
6675 2221
4512 2476
3716 9101
4573 6449
239 3428
7998 7996
1063 3851
9343 5319
8056 2373
201 5614
1874 7765
5344 2308
2737 8087
1631 2629
8612 7286
5874 9410
6694 5899
7251 2156
6 1010
7792 1943
1500 1466
3166 6022
1435 8732
1149 3340
3801 9604
2180 1062
8251 9652
6437 2759
2352 2710
6262 6449
2685 485
4521 249
5121 9697
6318 7701
5888 234
5615 3707
3611 4644
306 6476
7742 1587
5668 3421
8153 8346
4972 2922
7672 1293
1991 2914
6079 9154
9319 6942
3094 9198
5862 7503
5673 2198
671 5074
7292 1717
6418 2022
5816 6993
5504 6353
9688 3771
3269 2567
7744 2363
5214 4916
7936 8866
6468 1745
7366 3546
6971 475
2296 435
7432 168
6332 5984
9646 2064
5984 186
1862 2031
8065 4850
5324 6533
7285 9202
2667 8038
1105 6447
260 2227
1269 8496
9240 9272
6153 3036
8821 6326
4112 4289
6092 6208
1488 7175
4413 995
3149 209
1182 7176
4696 8771
8729 1940
1334 5532
4119 9556
804 8898
7757 4580
1453 6475
8238 7421
7619 1501
5300 7180
7369 2426
1183 8819
5366 1338
5438 7227
6167 2217
5807 5882
9013 5284
6483 5608
8498 6301
2032 8512
209 1428
7123 700
2437 8818
6485 8721
45 3057
1321 8591
7136 7563
3101 657
8581 7044
5360 5161
8121 9582
6729 9615
789 9257
7774 8551
4671 1885
9555 5258
4021 7722
1529 9372
1790 4755
2041 8135
5819 9902
7221 2207
8728 8556
6393 664
4516 6294
3386 8119
2005 4787
6813 1292
2275 4827
9189 5937
897 6339
9589 5229
8680 4769
6884 1573
6267 2844
5697 2290
5603 5352
7153 8132
2930 3143
4347 5117
8781 3719
3283 3244
9627 7177
7275 4671
1722 7878
3934 9064
6812 9386
8705 5753
394 6207
2270 2021
4345 9027
5702 1081
6745 5316
7980 9875
9417 5990
2993 3653
1946 1779
7008 2693
6439 3611
740 3662
3311 2969
4030 1798
6869 1009
7927 7382
3190 4604
1252 17
427 5309
9353 3679
6224 1718
2929 7339
6105 3735
5311 9730
2573 4633
7817 9885
3563 8772
2262 6313
783 5800
5649 1554
9677 5455
8636 8147
8252 2544
8948 1858
1500 4478
3588 8056
8868 8641
7800 6095
1855 9291
9825 6352
1108 2473
9388 2189
5460 3761
6441 479
4365 9385
3938 5555
1277 681
5967 1624
1768 752
6845 6913
3747 6263
1075 8691
636 7971
9452 4063
6179 8727
3637 4575
4298 3328
4618 7013
4998 9156
1741 8528
5800 3110
940 6487
3885 632
534 9248
601 1475
9842 4968
4098 4572
1123 7220
348 265
2837 2974
6188 2537
4218 2600
8367 3327
9063 7058
699 400
2703 3495
5017 7122
9817 6414
1281 2553
6456 7690
6899 8137
27 9559
9960 5268
9369 8900
2244 6425
9465 3034
8761 5990
2825 7139
3880 4662
6217 331
2236 394
7056 6139
9532 6249
7769 5126
1656 8249
3912 5531
416 8148
1168 2100
4650 4209
7800 2257
8256 1841
3562 4356
7780 3980
3730 4088
5690 144
1974 4360
5383 7881
9517 4035
7220 2531
2199 3322
6001 5277
7651 8613
9272 9152
6863 7030
1345 323
8121 9711
3246 2082
7507 2666
1815 2794
8413 7342
4730 5157
506 4485
2432 15
2553 182
1423 492
1331 3465
172 5310
4551 378
9707 9080
942 9283
2410 2657
7959 5132
3557 3106
8151 2748
5109 8531
2659 5488
9984 7402
13 6132
9944 7595
3857 1445
8758 815
1084 3848
4031 1775
9582 3952
9262 2855
3662 6184
9774 9535
6259 673
6380 1983
5592 9171
5450 18
5446 7600
8408 5962
280 4173
6095 8621
2516 4325
1264 2447
7838 813
9158 8137
9959 5979
8716 5841
8299 2547
7902 7796
184 7858
4017 3268
6514 4086
1991 8166
6299 3850
8274 7124
6902 8415
9795 7331
3439 1434
4900 8613
1074 6625
143 7554
7427 3272
5592 57
3867 5127
8277 1038
202 4656
7354 1016
1397 1033
7026 9826
258 4725
2560 6224
5733 6306
4481 6801
9044 4133
1357 9816
4526 9083
2315 848
9623 2063
9412 1286
9062 8828
7309 1386
8283 6593
9322 3776
1921 7568
6747 2970
5682 2999
8411 8211
4411 6280
1280 4910
5838 6232
9480 9864
4117 8533
806 9712
1172 1376
739 2074
2795 1276
2346 2929
7588 1360
2790 3856
8556 2507
7510 7478
2451 3541
1673 3590
182 9899
8364 216
4798 4612
1868 1940
6922 6301
3455 270
5951 6879
1973 9521
5560 7873
8065 3021
8727 4039
832 9353
1190 3855
6026 6362
3138 6751
5003 3439
3514 4258
4063 1628
1908 3529
5546 62
8465 9493
7911 378
7812 6128
8121 7508
6400 5124
8722 937
1789 2972
6937 7549
9561 5501
6847 4486
9183 8906
4850 3967
2276 9250
5466 3421
4788 9128
7093 9478
3820 8297
1211 1201
3313 4350
5226 3543
7511 6345
2560 1448
8808 7435
7035 9986
1635 9733
8076 5976
4043 7629
5417 4061
9676 6868
1368 2453
6675 3541
596 6983
7398 9004
1734 7133
4966 2060
2999 2938
7088 491
5423 2951
200 6119
1829 2950
5051 4951
6819 8416
5778 3834
785 4406
2612 9691
9868 9811
8354 8770
584 6017
3947 2698
80 3316
6057 6719
6518 1811
777 9248
9524 4349
2945 9526
2999 6941
8982 840
9406 6369
4081 1389
8451 2207
9278 8159
3018 3535
1313 7980
8118 4279
5846 2606
3991 7979
7539 3897
5717 2082
4623 4030
7442 5634
2897 2402
9481 9186
2038 9847
1682 5505
7045 314
6968 6863
9777 4549
4421 6863
901 7377
7929 8003
483 5581
2538 2384
6189 8059
4266 5228
4893 4896
8372 1338
5220 9359
8207 8299
574 7049
2272 1733
9319 4933
8336 6087
2343 8019
5778 143
6329 6812
3622 9885
6984 1405
6634 2257
3476 736
2578 3293
4669 3761
3319 4179
3202 8257
7182 5094
6677 9082
8780 6544
4109 2353
5023 2473
4375 2105
1602 3545
7122 8148
5491 2230
2757 4141
8504 8383
1260 3660
325 7464
5068 364
8142 7401
733 8199
6101 6613
9659 1443
2137 8787
589 1255
8803 4438
2781 873
8176 5939
3392 5304
927 6391
9015 8327
6086 9008
9304 5118
4490 8020
5249 137
1670 9086
325 3003
6125 1517
3759 3633
8140 3551
1013 5587
4423 4445
1096 9842
5941 5392
3790 9577
317 4285
9266 8587
9479 2867
957 562
8815 2269
5034 6132
5569 7772
1607 5609
7694 1341
873 5334
6242 6197
1191 9002
5737 1124
5931 5642
2911 3549
9647 764
9677 591
4490 4623
7371 2666
9874 1940
2239 1242
1911 1659
8301 1550
286 68
9801 1903
3586 8003
6301 6065
8473 8062
4837 8119
7934 8366
7586 3645
9618 4163
7549 9562
1568 4265
3838 6008
568 1816
4745 8997
7667 8865
2624 6987
1156 4682
6668 1664
4682 8045
4741 9873
683 5653
6453 4393
437 9627
1807 5390
1074 8244
4295 1257
1206 1798
4948 8663
2445 7855
3221 2347
2625 7705
3388 5723
742 3679
4426 4038
2540 4864
4805 6210
9809 8166
5827 9228
8253 649
9615 4610
7606 4911
343 5988
2856 4957
3839 6587
2642 8165
2781 4741
7590 8714
8918 2129
3541 606
2940 4843
3848 9392
3269 5657
6042 6617
9520 4431
742 1587
1801 9602
4440 9189
6486 6419
5327 1501
710 6825
1484 9897
1978 8957
9106 4587
5802 9620
5380 8789
4957 7616
4984 345
3193 6001
260 6675
245 513
5855 3219
4409 1584
6974 4375
7225 4533
9087 925
2374 4252
7289 6523
4421 2444
6232 8132
5324 4857
6556 9244
9695 4531
1236 436
7687 5186
2041 7451
9779 3005
3963 734
1626 7130
529 4291
4067 341
1264 8838
2781 9763
3307 1323
4004 9296
69 249
2273 5018
7336 7399
2608 7594
4401 8030
6429 7753
4260 4234
8528 567
3555 6119
9704 7108
3453 5033
6102 1416
3207 6484
2415 604
8287 7402
3644 8802
7862 2077
7611 6235
5649 4547
6368 2062
1167 2679
2517 163
8175 8456
5033 2320
9411 1088
9031 1952
9800 4489
8759 2241
193 6739
9747 1196
7417 7611
9656 4909
2486 6633
7047 5900
7880 9386
2304 8889
896 4479
9498 5678
952 5392
4461 8200
3958 4352
4322 2508
5154 4424
8853 868
7675 70
1678 3691
4865 6016
2788 1470
572 2915
8461 1285
1948 1446
5299 2028
2254 675
7738 5440
9439 6910
438 419
469 4450
1400 2174
2986 3867
928 9120
5942 8509
4394 8677
9448 5725
7381 6765
747 2877
3526 4769
8926 894
8587 8017
9388 9702
2223 7779
2342 8769
830 4120
6165 3074
2972 7935
1286 4979
6031 3718
9610 8732
6441 7461
7743 3151
6860 6265
2393 1831
2021 5026
8648 121
2904 7898
1922 6471
162 7448
1943 7480
2206 7362
2843 8558
3072 7067
3650 3979
8998 8953
725 6159
8156 7233
849 5986
988 5811
5890 634
5571 2253
8927 3839
3172 9325
1951 873
5087 9125
4614 318
7207 2655
4442 6612
8293 3748
6455 7000
3441 6370
7289 3158
583 9356
9424 4388
8266 6880
1854 352
5100 6050
9026 4647
5360 6967
4016 9440
6171 5947
7050 8688
8894 9765
6254 6297
4316 7394
2237 7103
3559 6684
1574 1575
2853 4340
316 8019
6144 264
2146 4077
489 5443
1479 6263
3566 2909
4644 3346
7504 8468
3612 5203
6392 9415
368 3186
6289 6875
4363 5156
631 1842
5525 8871
1871 4756
8436 9367
291 8777
7643 4576
5438 3044
2567 7354
312 7449
7473 8558
1427 7861
9988 2702
55 636
8139 2310
5998 5326
4436 4409
9225 2580
9757 9509
8054 5476
4318 9275
2439 6978
4706 7359
8361 6113
388 6998
6039 6525
1103 7017
5241 9528
1975 386
4396 8649
7911 2991
5004 9464
5064 3006
6687 8187
1628 5361
4630 6321
453 8942
4735 6813
6179 3879
4405 3100
2603 7013
2556 4643
9187 9699
1907 7664
6567 1363
7494 6863
6862 7377
1127 368
5792 7846
3162 365
4978 9294
5696 8935
315 8533
3236 675
6559 8178
8987 4555
4044 6472
6743 1413
8185 6967
2653 3438
8473 1876
7395 5127
6195 629
6830 2677
4696 8494
142 1457
494 2908
9244 4493
2131 1537
1053 1505
8563 9129
5110 5369
101 3090
7104 9791
402 6677
8143 769
8908 5466
7621 764
5061 6150
2328 2748
2147 8932
5923 1705
7699 6458
7434 2267
2176 5617
36 3243
5134 4248
3728 9386
4648 9877
9961 5075
3544 3160
5993 2081
3694 3979
2675 7362
3525 6083
5195 7526
6503 9011
3761 6657
1432 9948
9413 8973
1948 1616
9197 2479
8816 5161
4044 1191
7723 5669
6190 3091
3127 6595
7603 3010
6921 4305
8179 7543
6061 7827
5548 6346
901 1272
2211 8702
8534 9210
6605 6909
7174 4008
42 5495
1103 6270
2456 5844
1646 2903
6395 425
935 2086
9826 911
2815 8666
1485 241
4614 7050
4548 4979
6321 6236
2409 2225
2463 5044
8843 8623
4709 2360
8807 1605
6736 9208
8735 1701
7344 5239
3709 9843
7781 9888
7147 3255
1816 6277
3812 6165
8051 9422
9914 8242
6982 604
8209 8868
648 990
785 1611
9195 3645
8150 3697
1444 1338
8592 9121
4122 9945
258 5842
5520 253
1209 920
2399 1600
1664 5584
4836 2928
2961 1606
7442 5933
4409 8232
553 373
5411 2408
7995 9839
9156 5202
7636 6202
2606 9543
5403 8843
9031 2018
344 4395
4685 5211
2867 1233
7675 4996
6459 507
1578 8759
6699 4405
3579 7332
5730 8352
4614 8623
5982 552
5249 4032
4501 8479
5502 9964
2564 4611
9946 6034
870 8546
828 8578
7 6594
4189 7037
309 8587
3408 926
7859 6976
3757 8377
4485 584
3064 5164
5262 7038
4301 7719
7310 6662
8400 5821
2850 7337
9559 2826
7897 5251
740 8887
2866 6250
498 1083
2259 7253
1841 4847
8822 8992
8642 4436
6998 2590
8209 5227
99 2450
118 4140
7505 9456
5541 3782
5901 1536
4303 886
1263 457
5329 6559
503 6130
6451 7335
5043 974
3959 8887
3051 4881
5627 501
9399 8928
415 900
8101 2634
134 7836
6784 3977
6709 6965
4682 2554
7094 8889
1541 1802
9792 2219
7650 9403
8291 2366
1122 1341
9806 1513
1055 5149
4865 1433
3127 2477
7938 5405
4436 3810
8775 8721
2347 4754
7355 536
353 6535
4300 4490
5232 7597
8684 9784
7984 5919
7962 6967
2524 9937
3820 4837
9021 5338
5440 2330
3711 4575
7424 5317
6919 3175
5468 9579
9255 8613
673 6066
880 922
3758 973
3980 9474
987 1880
1098 6676
9369 3029
7741 6476
1061 7130
2765 1753
3510 7043
5926 2646
8630 7398
1594 6292
6640 8478
2838 2166
3752 5101
3831 9186
130 8382
9390 7219
8947 9352
5101 9172
1590 5811
7566 6120
3431 9535
2250 692
5134 2968
9447 8500
546 7309
5835 8996
8057 4828
7035 5992
7758 8881
6373 9759
8774 471
1688 9317
6191 2401
5538 1697
2752 936
1182 9114
7322 5529
2682 1910
179 9945
4318 3846
6670 4912
8647 1168
2033 6142
6808 7295
9309 3702
8628 4924
5099 2334
9618 4629
1276 2627
2975 8886
2690 8820
2378 3419
1444 780
6990 7605
9272 4059
1566 5668
5800 3000
5452 5550
6307 6931
1890 5236
2538 2457
461 9354
4457 7912
4676 9336
6653 5841
8351 4993
9817 5832
3810 950
8119 1703
2402 5026
8261 5793
1381 2404
2230 4845
4762 8419
8200 345
1165 4479
9942 5049
4364 4048
8512 5259
5358 222
6146 6243
8855 3003
5701 4642
4482 1297
1459 6302
2983 5465
3553 2994
9231 7634
6209 7255
5050 8520
88 6865
9812 4197
4252 5592
7335 3621
3702 1351
8516 7561
6280 1143
2054 2372
2915 3327
3531 9846
7412 2946
7637 2108
1393 1040
567 3012
8365 1815
9797 3658
3469 379
9908 9291
1881 7077
4513 1022
7397 4133
9711 2599
3337 9070
4005 1747
1326 169
8459 932
4621 5031
9731 610
4640 2184
2722 1553
1309 4419
8064 291
3711 888
1678 9728
6683 1705
2842 7457
9889 67
114 1342
5103 3977
4584 4778
9941 5140
3979 7641
4711 3828
8748 9910
5503 2495
1164 4624
1149 610
8858 2686
2838 4432
9473 8884
5640 6087
4031 9323
4367 7228
7449 2455
1611 2575
6323 7163
1388 2996
7304 720
9293 5444
4934 2135
273 2722
6738 3980
1898 7335
7568 545
2769 6110
7295 7889
3418 7311
8812 340
146 5940
923 5600
5916 7184
5251 6380
8515 3436
1638 3943
7443 2962
4563 2140
3693 6343
9569 3086
6034 3578
7847 80
9575 9733
2214 9744
542 941
5674 5661
3419 4519
1856 2386
4145 2443
2892 4273
2702 1290
6668 9185
8436 6807
43 8020
1777 7136
6022 7485
2510 8501
9514 8788
5596 995
7486 415
2208 5358
4363 1150
6304 7547
4511 9020
6379 7296
3999 8623
8104 6085
768 9804
6861 2815
5877 8219
7824 6168
1776 9365
2411 7612
4995 9866
6330 1756
3308 3001
2442 2780
3249 6248
6226 8150
2966 4514
930 8938
4086 2332
1913 2396
4731 3377
9613 266
6280 3845
3013 3749
4860 2207
8370 9609
9891 2085
924 5254
8042 4088
8044 5480
4515 352
1883 1935
9625 2430
7274 2529
3973 1534
2752 8087
1111 4039
1968 2562
8322 4421
2314 5288
5097 8829
7271 9577
8097 6057
8630 4966
7072 9282
9674 3586
3539 1136
7073 19
4628 5482
9381 3139
5965 2721
1565 7685
1416 624
5020 4973
4922 5717
1698 439
338 2389
7841 9316
6102 6607
3757 6205
1620 7932
6541 7618
5609 2280
1330 7972
5495 3287
8099 9859
780 7228
8177 9588
1324 3023
6835 2279
323 9971
9829 8349
9205 681
5496 6320
3812 9988
6377 3397
9447 1782
9719 46
2106 9352
140 9766
6102 8632
4192 3025
840 5837
1969 2705
454 2250
9955 3115
2956 5393
497 3667
7492 7966
4578 3562
2743 7649
6223 409
5331 8655
6381 8547
2388 112
346 8522
8459 8347
1141 7932
7659 3585
6260 556
7954 8048
5419 268
9434 4105
5503 2184
8318 9652
9820 1382
883 8652
3913 6780
1516 2323
2620 8907
3819 3414
4370 9610
2302 7236
954 5090
869 6599
4275 3026
9741 54
7593 2999
6813 9789
9192 1211
8192 9334
2929 6875
8528 6934
1312 3924
7309 3534
1084 6158
9117 7172
7125 7615
8071 2217
8298 3922
5537 5155
4041 2099
6282 6080
4717 1176
9555 8134
1571 5153
342 8120
2798 3045
5811 7348
747 5052
2652 7958
5909 3126
3511 1870
2674 9539
9616 3095
3912 1350
5412 562
5917 9056
696 5922
114 4189
2918 2058
2888 3366
1152 206
1442 1813
3371 4375
8589 3447
3786 5731
5741 5325
414 2383
9802 2770
3731 8884
1591 409
1917 8356
1113 173
2107 2230
991 4185
3878 7698
3439 4661
8294 2711
1739 5781
1872 8369
8971 3633
472 6918
2301 1823
6060 1526
4734 5676
8323 8045
8288 9353
9625 5852
2731 8829
5260 8167
6128 6111
7833 8170
5134 5345
5967 3073
914 4359
4102 5479
8535 737
9507 5688
2516 3201
78 7479
6987 8101
3792 9294
8443 6788
2221 1729
1550 9389
7577 4844
6994 5956
8782 8896
3785 8674
797 420
8399 5156
4300 7104
7336 5719
3946 9657
5243 9349
3252 5296
7186 8384
1575 4964
7202 7769
1341 9633
6162 7607
4475 5286
1434 2855
7884 7898
9522 5640
9141 8918
1413 2025
653 3674
7464 901
301 3128
3734 1158
6022 1815
6687 7683
1187 4541
4303 7193
9477 383
7505 3061
4654 3348
6481 133
4500 3643
473 2295
7367 729
8959 7389
1349 3060
8846 3669
9058 6690
3965 3919
5392 8055
7815 1944
9380 4105
6116 5474
6069 7251
322 9834
1856 4109
8821 8968
1399 7961
5448 829
7978 5982
7373 4230
2711 3324
5234 1693
6270 4287
8298 9760
5484 9315
3030 9755
2920 3538
1937 6486
3633 4145
1443 8806
9125 7813
5171 811
8365 9027
8045 1233
8001 2035
2831 7579
3874 1561
6426 7217
9232 8480
3520 3196
284 4796
9419 318
2424 7868
4428 8786
705 5556
4229 1158
8956 1945
4280 9832
2541 6197
3100 2208
2109 6766
8658 9652
1117 6637
6370 3797
6610 8073
7817 4117
7868 7912
7929 2318
9424 430
9767 2953
8702 6751
3276 7254
5217 1317
5626 2548
8315 5911
1268 3943
6954 1508
9397 2604
7761 5031
4036 152
8231 382
6651 3493
7322 7454
6561 44
3506 5487
8419 8043
4360 1255
5177 1999
6203 547
1031 5721
1463 5240
6778 1807
231 4396
7871 1222
3173 5988
3635 2259
1616 2194
3844 4197
670 3896
994 2094
7521 9928
4437 2152
2184 5128
2531 7230
6335 5955
4002 7014
8315 2826
1415 6897
7408 666
8519 4917
74 98
8415 1008
5084 1145
3547 2626
3050 9894
4673 275
411 5632
2041 1494
34 3197
6511 4933
8546 8650
1169 6382
6481 9576
4590 5615
3172 3889
2889 5605
921 3512
8627 8659
1672 8209
7342 1162
1253 4623
9860 8929
7029 4399
2249 4357
7131 6837
5940 7852
3077 2471
1487 3647
5981 2011
3337 9704
8608 5677
9642 7175
1550 2149
8301 2040
6920 8861
7976 8979
5188 9503
8165 230
4673 9493
6342 8479
8214 3222
7107 5146
8234 4924
1547 7378
5256 5986
2844 4081
6194 4575
7524 7494
2117 1551
2006 8770
3886 8062
9173 621
3838 9812
2540 573
4318 4826
8358 3205
7332 9598
4724 335
7514 9555
1274 1929
1443 4749
19 437
7030 8577
9290 5241
7010 4860
8333 6170
2230 7215
6342 3613
8470 434
3338 6685
1182 8193
8101 6118
2669 6501
635 9084
4057 1811
4549 2176
5477 636
1176 2627
443 4509
4056 107
9496 8085
2165 7561
5184 8959
6056 2363
1721 4342
3272 4310
7316 7808
4827 7367
5475 8465
4671 2512
55 3992
7218 5222
7331 2975
5416 7822
6254 3984
1107 8050
157 2314
6099 708
651 8760
5278 6845
8614 4163
7416 9825
9667 5244
7858 684
9658 511
6107 3142
1212 9493
8357 934
6835 9500
7604 4786
9900 2589
3626 6909
4563 8082
9497 4698
4888 9945
4853 7330
4618 8818
581 1158
4098 1165
249 8669
2658 5817
577 1343
8600 7890
4029 1033
3178 4738
9255 8052
1448 4103
5223 3102
6819 1288
9253 7104
2786 9460
5658 2853
1140 6588
3117 1871
561 8754
658 8653
6714 6343
7860 57
9300 9486
3553 3359
5203 4696
9367 7298
2217 4152
2758 5825
2052 8930
7160 31
8417 5334
7407 270
9659 1118
7075 588
4682 3324
7499 2085
4189 831
7745 8482
9892 1908
1612 338
8166 7301
1999 6339
1195 3595
7998 3966
7341 542
7430 161
3406 2732
9813 3908
6566 2140
9708 2601
2558 4485
2932 4269
6104 4669
7706 2696
3023 417
5243 7934
5182 4136
4353 8986
3135 7226
880 3003
2662 9061
1488 1633
3929 2674
1595 4013
3594 1140
2847 9154
4777 6199
157 4276
9191 7125
3549 6153
7550 1929
1091 7022
2101 9487
9172 9059
2144 5666
301 4310
1112 4079
7423 2721
2181 5107
221 3260
2063 6460
2762 9415
663 6631
3163 6668
8698 8520
9631 6034
1813 6912
4997 1611
2926 4190
4932 499
2941 7347
5823 4216
7375 64
3433 4094
5463 6306
7328 9437
620 3949
6131 6401
2950 6625
6655 6108
333 3545
9897 1581
9750 7007
6180 5860
4396 5794
8967 616
8952 3590
5228 6186
1837 9369
7414 8181
8527 5190
9175 2292
3560 8161
572 7608
4265 9456
6579 5846
3749 2166
1240 3669
1301 5315
7293 3091
7125 8319
1047 490
9873 4971
1523 6616
3444 3498
8736 5158
954 7299
6426 4708
4470 2816
3759 4257
4264 5209
3903 37
8714 2786
8561 2021
9073 1078
5266 7927
2840 7877
7218 1445
9014 4188
2650 9045
1522 3596
1711 1667
2670 8146
5479 2751
7674 8737
9679 7041
2299 1198
756 4465
2493 3007
7296 9493
2317 5997
2170 5707
781 5401
5621 7406
2567 9257
2237 392
4648 8346
4486 290
5226 4373
6837 6618
1320 9693
102 1257
3722 5258
9952 3877
8166 1850
1761 5351
4045 9295
6290 1430
8899 8173
2053 8187
5755 4089
1893 2751
1466 1928
2603 3887
4488 9200
4526 7348
9619 7683
9202 9702
1309 5080
4454 6255
1355 9978
2920 8366
52 337
9804 5186
5229 4186
5551 4341
7551 4725
961 9132
9535 1993
236 2411
9530 7966
9376 7617
3439 2468
5713 1973
5713 5481
1420 6793
1276 9062
9158 7851
8680 1150
9194 8562
8282 6953
7773 4827
508 8346
3767 8451
1587 12
3879 5681
1395 3627
5302 639
2441 8250
6154 4349
5761 903
6433 9698
5164 1669
1546 3189
7976 9001
8915 9163
4885 8217
1649 7269
4541 3
7826 4443
6869 7468
1074 9867
1595 5425
3434 2633
5513 5509
6968 161
3396 767
5914 9299
3249 8396
4488 4863
6118 3332
1717 9035
961 1822
241 4341
7858 7491
9889 9178
7953 7686
6839 1323
699 2358
8158 5893
8540 8117
5982 644
8847 5829
6319 5553
3346 2740
2025 9802
3173 5413
6555 8786
5807 1570
400 6794
4109 8598
8944 7328
8250 382
9241 9400
2951 5493
5106 3574
961 6499
1683 9894
1917 6127
4454 801
2047 5075
2728 5325
1770 9826
4755 1007
7968 8297
1079 183
8324 1278
4709 9525
4775 5477
2292 7567
4152 9916
1283 4281
5060 3092
2980 4814
4291 8694
9569 3074
1090 3795
8620 1501
8380 2103
5941 1518
6216 26
2721 5558
2238 1625
1591 2881
4324 3532
5122 5571
7584 208
137 9366
1215 776
9738 3160
3358 1013
1109 2192
5940 2293
7291 2266
3968 7953
8420 5882
825 8539
3284 5915
4456 5372
2831 8655
6462 931
7460 6239
5682 8843
1851 7084
5680 2309
9029 3480
5409 7889
9240 8831
916 2282
9607 9190
5258 9948
1258 3514
7677 529
6902 5911
7076 9936
4740 9582
1170 1724
2814 9532
7530 5458
5630 6280
580 8364
7545 9777
3259 5737
1819 4047
4869 3782
3410 2894
1416 6130
3435 9943
7686 223
6353 2953
1560 9741
6250 253
6478 9340
892 1209
1257 9640
6931 4844
3234 8368
3598 5008
8427 3386
7621 8044
986 6537
4480 1024
1761 4436
336 4181
3437 9377
6308 3715
880 6467
1135 9757
2961 7960
7760 588
5060 1255
280 3008
4281 5208
5229 5375
4291 3310
3975 9478
2921 6998
6320 4118
1175 69
464 5356
4359 9713
6793 3378
2131 8249
3574 7447
5680 1228
7847 9856
3303 9459
7769 5352
8796 8164
4673 774
4774 7123
4642 8026
185 2938
8562 9576
6250 8718
9848 5399
7565 426
754 8159
786 355
2383 4672
9341 2861
3169 3117
74 7754
325 9496
1550 8266
855 3071
6379 6062
3794 6293
9106 3015
3412 3256
9798 3401
9099 9137
7477 6448
3953 7792
9554 6715
3796 6105
7939 3478
3178 5432
4274 5443
2647 9793
4071 5692
27 4328
2680 3153
1556 1268
5291 4552
4820 3766
349 3422
2675 3588
6041 6942
2568 4152
419 6880
3985 2505
3525 3643
2262 1047
8488 8377
1985 576
1359 5730
3518 7679
7830 7941
3396 3142
3358 2635
5152 1389
9667 2546
7881 1014
1979 8887
6741 8166
853 6323
1952 9051
4139 9764
7445 3183
1308 9726
110 9846
6618 9307
5100 951
4587 1985
5396 9703
8827 5972
5572 6880
7880 7684
2816 1183
4293 437
1559 9341
879 5067
6846 8449
6594 8875
7965 4442
3518 8095
6886 3728
2753 4906
1942 1712
9458 5505
9986 766
1922 9762
8308 7646
5892 1728
3430 802
2433 6062
1584 336
7742 3117
927 6968
4126 5921
7676 6531
1561 842
2909 5547
5054 404
8495 393
74 4482
7997 2931
3314 5881
1318 6489
5671 8829
5448 6065
2263 4880
4073 2002
9980 4775
977 474
914 9161
6481 2966
4122 2018
2735 3349
8421 206
838 1016
3484 5401
8482 7951
5683 5874
5001 384
8782 9250
2594 659
7355 9456
4957 5813
3461 2567
9394 8635
155 6530
623 9467
2350 4262
3084 9401
7550 7896
5952 6693
2683 8681
3356 662
6318 8373
9411 286
8568 2690
5161 3016
7093 8435
8575 8358
8268 1672
7650 5397
8874 9650
6634 4006
8711 4359
2193 7114
7953 7089
3624 8764
5597 717
5126 849
2458 2420
421 4795
588 1796
4010 6031
5184 4441
7958 8245
3069 2665
2216 1410
7466 3192
9800 8997
176 6039
8405 2592
4020 4626
5203 4043
8715 9411
4745 9703
8508 8676
2667 9189
4707 5027
9417 6432
1230 3068
7138 8574
8146 2119
7301 99
9628 7452
2235 2223
235 8383
9239 4386
8828 1745
7727 886
26 6348
5979 6439
2802 3984
8007 9445
8784 8634
2556 9818
2098 7352
7652 4634
5105 8125
173 8651
1359 3234
4984 850
8437 6625
994 4815
788 9500
3496 3934
2886 9137
1793 7666
9105 4846
627 822
4803 6840
210 3207
7920 294
8760 5917
8058 8568
4939 4164
9940 9948
6157 7749
4040 7779
9333 1835
7457 8386
2643 6311
2070 7484
5013 4633
4707 2912
2130 9706
4539 446
6362 504
2941 5772
6330 3678
9079 4863
2948 6739
2560 7158
994 1809
4741 6156
2341 3310
696 5614
1787 3904
9920 2814
7269 9403
2344 5105
9527 2077
184 4596
2139 8306
1964 1708
2038 4020
1892 7018
7655 8478
9927 9319
9400 2875
2468 3378
7313 4638
3049 7633
4296 6220
3372 6755
3441 3786
3388 4747
786 3994
8068 647
5828 3600
7268 2315
1308 7164
1681 796
3373 683
1339 5518
6726 4026
111 63
5740 2109
9209 2723
7287 6308
6860 5836
7153 396
8003 1938
5780 1142
5949 6899
4423 7395
6451 1832
9685 1822
2400 8954
3508 2797
3637 391
2864 7338
4682 5414
2396 9348
5833 3891
8942 128
9358 2972
3683 2694
5673 5726
8144 2954
8646 9792
6484 8026
1496 8574
1843 72
6929 4336
7553 2453
3866 9057
61 8185
6688 2687
7232 4219
764 7976
1309 4045
1578 4720
4182 1144
1184 213
3080 6458
8104 963
6252 4594
452 4035
9856 1390
7312 693
5368 6763
5855 630
397 101
4361 7691
2454 2116
5157 1956
4789 8655
887 7793
112 224
5633 3043
6047 9925
7548 2981
2591 2151
657 8518
6940 6519
2512 4125
7946 4503
6082 1628
4371 7647
851 6615
6182 1160
6317 9915
9313 208
2215 1589
6742 7772
6058 4582
7129 3642
2776 5097
2927 4773
4108 1328
4760 10
7927 6307
3704 1555
8676 3921
5586 7050
3105 9458
4670 3361
1642 8818
8838 9975
95 1255
9374 1369
1948 5232
354 3044
1502 8235
3505 5441
5722 8993
6576 541
7486 5920
3954 4947
8011 8127
8782 2853
2615 4912
3163 9150
4913 5560
9618 5148
3647 9079
1530 705
9784 1888
4421 4414
4200 630
9692 4908
735 7045
8567 5512
3960 5828
6031 1014
5522 1705
7955 3543
3950 6245
7731 5400
3779 9522
1510 4525
9195 2586
8740 7631
6741 5882
685 2573
685 4526
4212 8948
2557 5566
4233 321
5330 558
53 5902
1160 1502
1317 6944
4625 7843
7909 2516
8680 3286
9003 5740
5017 1483
9642 8783
2253 463
418 6062
3904 8371
372 4459
2660 7286
2240 4208
8245 5082
4652 8136
617 6219
8229 73
3251 6584
1086 8539
9259 1013
6175 7712
2592 3569
5753 1977
6797 2612
3677 7686
9761 8157
8993 943
757 7150
7128 4561
7588 2151
7376 119
3241 1636
3271 7983
9003 6227
392 3647
6282 7790
3193 7737
4377 7094
8585 4837
2289 9150
9958 1924
9395 4048
5187 2167
3973 2479
6623 4358
217 4802
7715 3726
7802 6741
4621 495
5544 4632
2585 4122
9416 3537
3019 9149
1237 4003
2521 771
292 5895
824 8658
5435 885
146 1906
9022 8617
7864 7901
2630 2739
3478 3928
3874 7866
4739 7586
4864 8821
5156 1411
7094 1240
2468 729
8757 3442
6812 3093
8334 2002
8776 7055
8326 3089
6332 9063
4143 8377
9664 4148
8543 4282
5806 7026
7924 6035
535 4839
2943 4775
2340 681
4843 7871
2248 7224
2213 5340
1228 7263
441 8866
6132 1700
7816 548
3012 9303
4032 5414
7578 8557
236 2582
3710 9300
5680 9924
7636 6524
6608 6758
1754 4211
7995 7698
2801 3367
2531 7812
880 6713
1882 392
259 173
4461 8006
7562 4409
9108 9146
5837 7668
5452 1817
9349 8010
8037 8130
9164 4097
1062 7160
365 663
4616 8793
3010 7194
8842 5977
5509 5100
5528 8271
2505 6584
4312 5598
4285 974
4142 7179
1403 2925
2728 4803
2219 9299
8420 3010
8527 6617
9963 3834
4270 1096
2347 3928
76 411
3254 2188
80 193
7486 7392
6481 2947
3430 3709
5756 6110
6663 7229
2398 1889
5930 8784
9896 1055
1704 3275
9710 9826
2471 1243
2939 9194
2748 1435
3056 7878
7894 3972
1389 5516
430 489
3974 7095
1253 2731
9554 8916
7336 5225
4429 3719
9480 2327
6341 4626
3655 1918
4194 3334
5406 2961
6845 7649
8115 5043
2083 2922
939 7065
929 1061
1228 1800
1370 3576
6231 2702
685 8533
8815 2549
6620 6916
9388 6705
9673 1596
4806 584
4875 5656
9860 1130
679 7657
6212 5841
4682 6014
9220 8580
7911 4381
2215 4550
7942 3419
3147 6525
9521 7163
989 3897
9569 1573
7364 6377
1975 5581
3377 1888
1716 4196
9516 3503
9460 3341
2370 6490
1281 2424
9633 2056
6342 5479
7459 1447
7290 1612
6033 9571
5358 9672
6237 3840
4907 6650
5500 4560
9150 74
7243 5597
8337 4706
3131 9726
3149 2991
3333 6263
6789 569
4513 3433
4934 9760
8656 4185
3521 6514
7036 1608
9800 7325
203 2023
810 4929
9558 217
5044 8615
3247 5411
5039 8384
1277 2241
913 4567
8706 2319
1479 8249
1622 924
1851 6732
9209 8415
7512 63
1151 5416
7777 9689
1246 6967
8534 7621
7599 2672
7024 888
357 5673
6520 9416
6199 8456
4163 9467
6241 2626
6863 9824
6539 5187
553 5881
6958 1623
885 7149
3972 7859
4116 4640
7792 9101
8090 6711
3231 6922
9657 1669
3649 7080
6440 6620
1742 4860
3192 6798
8133 5585
2926 7023
8723 3536
7575 8477
4316 7578
6092 6345
9864 4739
2526 1767
3558 5826
5262 8392
3948 639
5171 6488
3992 8734
4412 6472
8017 7219
1821 3521
9963 4355
9460 8708
4013 8755
9562 6733
6989 8153
6484 4298
6333 9969
4404 9742
4918 274
160 8744
5521 2466
3151 8667
8749 2980
6828 7557
6869 8057
4363 4575
8842 2789
5327 519
4742 75
4291 1736
4982 596
3575 2185
4600 4166
7851 8625
3677 577
2131 6650
6247 7518
9866 2028
8917 8517
6515 3283
1461 2654
6849 1557
8348 3793
1554 2572
3917 3868
6149 3318
422 4529
3487 871
1210 280
1720 3534
4866 5931
5637 9634
2360 5640
7215 6926
2965 2206
7452 8107
6938 9868
370 7141
4931 3865
2698 2062
4920 9803
5828 3499
9745 1129
1181 2804
6794 5159
5254 5011
9045 213
1437 4675
4303 1679
5543 6352
132 9923
3285 9833
8823 7369
1869 8611
9551 1198
2705 2679
9929 7464
9799 6558
5005 6428
1551 5963
8803 3857
533 3404
7543 3612
3561 8755
9910 8995
2493 4380
5490 1308
6339 4648
4693 7011
5712 4639
7596 3480
941 4096
2755 3113
8910 3514
4610 7091
5244 5591
6968 8142
255 2683
7553 6468
1411 5386
5217 6526
3016 5757
7640 865
1713 1965
6592 4204
3311 8795
5904 1760
9973 9361
119 8325
8791 2987
559 5752
2266 1388
4960 155
8793 4378
8052 3993
5633 6922
2622 2507
1395 9661
9061 6111
6560 3309
3539 7774
6148 5437
1031 2020
9611 8190
4508 9021
4276 4590
9955 2799
617 1426
3665 7562
5892 9643
9157 7590
2300 4376
3576 233
8546 71
1075 6941
7601 9506
3152 2797
3506 6969
7463 4769
8029 7925
2264 2580
736 6667
2655 7494
9068 2894
652 4866
678 4708
8295 7190
8866 4737
9214 6246
7075 3811
9249 2439
6773 3535
7254 4798
6921 7109
9372 3806
5499 6641
3085 2967
7001 2726
7819 7164
8608 3895
245 4236
7039 5370
5587 755
8941 6316
700 580
5125 8441
7200 1282
2561 1440
951 6591
4141 1358
2592 5490
127 6286
6649 1380
6379 9572
6233 6548
2931 4083
4173 6522
8283 634
7180 785
5702 3676
7916 8121
9932 5766
6532 4503
3948 7216
1669 9984
5835 1691
9357 8512
8588 5289
6625 9147
5495 7946
41 2544
2196 6456
9351 2892
6933 6871
7763 893
443 1736
8842 6094
59 433
8294 4542
7477 1737
13 1292
2010 445
885 63
4513 3633
8178 5563
7527 8232
4918 4751
3401 1720
7980 4531
7514 7202
4645 6396
5908 813
7256 3464
8656 2050
3056 8866
1439 2953
7323 9529
1383 825
2325 2090
298 1150
3220 5970
2771 6982
9332 415
6965 4721
7754 7830
7367 723
9282 6225
2922 637
312 7179
4429 7168
6323 4974
1925 2107
9602 2558
9262 1448
7894 8385
6886 5353
8363 8187
6536 1193
8317 4346
901 784
6495 9416
8799 6263
5223 5857
404 5963
4981 8731
1123 4061
3386 8073
408 1578
3018 5638
3149 9692
2421 9
1478 8767
2025 2621
5418 1439
6107 1987
9041 1408
7623 8986
5142 4394
6562 1638
596 6032
6852 6433
9526 3594
6855 1935
4093 9554
8538 6539
3029 1574
4307 8105
4590 4529
7395 9766
5137 981
7601 4903
489 1634
2790 5298
6567 685
6519 5834
6187 2528
5641 6232
9680 2152
9649 3495
1404 7473
1827 4304
2371 1410
5779 7863
7667 5735
1436 7702
2870 9977
5932 6867
5840 8644
157 201
5174 4551
2230 2627
657 6545
6566 2012
5551 5516
6989 6383
3591 9181
4661 4721
1464 5249
8912 2089
4601 331
4077 9881
3523 103
9036 6562
2362 2178
5240 578
7352 7679
2177 9362
5056 9589
2432 9595
2694 1148
8879 9949
8776 3267
1216 9847
9269 807
9708 7007
435 7040
8420 8164
6956 318
7465 6541
8075 461
3969 3724
6752 3872
8081 3456
9225 3184
568 4846
3518 237
198 6651
2077 5264
7044 6838
5290 773
4224 5085
9504 3658
8773 4365
5410 6788
6067 6661
6130 327
6868 4346
9413 150
5465 2700
307 4421
3730 642
632 4779
9334 6322
5506 7459
6584 4606
6334 1188
9148 3340
453 6953
2869 4374
5627 7037
2579 607
508 2958
8622 2892
7610 7944
2237 7920
5858 3728
1156 7998
3251 2615
5471 3693
6676 2060
5012 6857
875 7535
1548 1671
1957 6797
4813 6862
6850 1824
4914 2483
5209 9424
3011 2734
2009 2628
8102 8973
2113 1915
3652 5880
1901 9343
3716 2631
7837 239
1551 7770
8664 8778
5311 1729
4834 9636
163 1531
5788 4556
7328 8076
1624 5180
1138 7961
4647 1246
2169 8718
1439 7181
7562 7575
9755 3246
221 7657
7788 8012
2011 4376
7691 8184
3953 3058
6243 9419
2785 9477
7669 7931
2605 9168
2111 2492
4939 9978
6138 3924
6126 2635
9645 832
980 6616
5396 3023
8668 2397
4803 3261
1506 5561
5730 5012
437 5440
7476 1156
8478 5112
5104 4272
1063 3190
1253 5338
2907 7418
7652 3586
4290 469
1883 9853
9594 5265
5532 2784
4179 3403
8676 3088
531 3079
4580 7293
8774 9210
9055 5954
8148 149
4111 2138
2456 1335
3727 7669
2817 6063
1691 5515
3326 7333
727 1276
5205 3930
7906 7233
309 7903
3898 4123
7816 4666
5511 5161
7861 4031
2329 7297
5719 3633
4011 6267
6498 4752
7693 3937
6412 7947
9834 2863
8013 9897
2064 2673
2834 4715
7762 1572
1873 5604
3020 760
2717 456
1616 4113
979 603
9217 9850
5369 7440
3103 9931
1351 9976
5455 5477
8625 9409
9635 4391
32 8054
9432 5365
3731 5807
9080 704
2658 7410
8055 6007
2959 2078
920 9186
6048 2520
8921 5685
0 1844
4661 7690
3819 8752
5539 6110
6985 2379
9313 4289
493 6702
2101 9162
6221 92
9531 4120
1203 6168
3360 5599
4574 3934
7268 6160
2594 5806
3005 1213
6301 5769
9210 3762
4350 2886
6173 8745
1128 85
6977 7687
8315 7346
4307 3710
7604 4701
4173 2909
1651 8839
1827 5219
1856 3007
6963 479
5164 810
7193 4475
1322 7334
3335 9788
7535 6635
7880 7398
5730 2715
3634 4677
9865 879
2459 5998
5831 6264
9628 5826
286 9121
4644 2350
3467 6767
9047 265
5277 1937
8135 3403
1480 2390
7763 5898
485 6298
2472 4156
9790 9717
9143 8373
79 5165
6713 8539
1438 351
5444 7154
3731 2339
5044 3157
3183 1136
3949 5804
728 3022
4423 997
8832 7312
2579 3557
5248 4718
3046 8789
6551 2904
4177 1135
5273 2401
7618 3426
2634 5420
5258 6953
595 7640
2246 6767
8903 547
3296 2332
1795 7454
6743 1115
5378 295
5211 9537
9749 9222
1333 4840
8757 903
6511 9216
2499 304
9632 7528
6160 7492
1976 3402
7853 6744
9154 6960
6766 2220
4944 2230
7118 4070
9394 1687
8375 8052
7497 7376
753 1988
1543 3321
2145 2482
2629 7797
4772 4391
6793 3584
6956 2836
5100 6754
2845 4702
6670 9659
5885 6142
1862 5466
7270 6099
202 2533
2070 1783
1251 9216
5682 2336
6444 6477
5742 3475
4863 9956
9142 8705
8456 5494
7931 3609
4756 4382
32 3039
3333 3385
1976 4250
7943 5243
1770 4435
5668 8021
5546 709
9351 1584
2095 9677
1251 7852
6903 3436
779 3665
6674 4454
993 5753
4847 6092
5985 3296
3584 6970
5684 443
1323 7009
7566 3896
5801 3402
2080 5670
7086 7997
3451 8213
9034 6228
7056 6833
7046 5036
4044 6177
9248 7993
5971 3274
1921 5294
3672 6224
1415 8976
5650 616
3619 6864
8865 5472
6844 1795
9879 4177
474 3552
4700 3003
1378 4352
5691 7565
3148 977
2452 6018
9664 425
606 1097
6222 6884
6761 1463
2999 7596
5579 9907
6168 7536
231 4847
3679 3938
9933 8083
2924 5803
8091 2501
9794 9969
4192 7153
9854 5457
6182 886
3688 5915
7892 6097
6257 1823
1669 8982
9108 7508
3229 9040
3351 3511
3615 9146
5105 8735
4298 2905
1942 9942
3218 23
2921 131
9793 227
7029 972
4819 8809
7443 5260
9761 198
2342 3120
3323 2870
4579 9439
3327 1
745 5425
1986 9127
7313 3525
2654 6753
8605 6126
2989 2017
7002 9377
3736 9023
3470 7876
8462 6116
2097 4325
9396 6401
4540 3250
4882 3981
5867 5478
3166 4545
6988 7308
3616 5109
5824 1356
1719 227
2177 778
9122 1173
6908 2960
4298 2344
8503 9521
9633 8401
9592 7827
4697 1170
3798 1985
4511 9755
9362 8285
3856 9845
2887 457
1147 4193
9101 1931
9942 8584
8871 153
9023 248
2503 6226
9904 2608
9891 8477
19 8029
3538 9682
2968 4673
9194 1389
5140 4285
3384 7838
162 4874
6020 2666
2741 9904
6144 9235
5182 3447
5132 915
3013 7313
2905 4166
1657 7687
4424 7636
6122 7633
6997 1456
6906 5218
626 8200
2629 814
9023 8986
8020 5155
5190 1905
8166 7631
4120 2146
9739 2935
2214 4292
7779 3648
3106 9033
9580 6650
4231 3716
4093 8861
8798 9023
7913 1414
8958 3562
6122 2678
9349 5221
3008 5899
4667 4967
8379 5097
8566 467
2612 3159
4547 4915
8113 8595
9861 6301
9128 6441
6558 4462
6982 2974
156 2984
2019 6443
2191 2137
8824 8615
463 3258
4151 9547
8300 9054
335 8655
4125 9240
5850 9910
9406 2157
1177 3051
2358 2446
4284 6049
8175 8824
6029 8466
5807 7729
6957 314
6610 4087
9325 3217
8035 4610
9865 7356
6427 1744
9053 9339
4024 5488
235 1738
8779 9980
8506 1980
2377 4368
8935 3541
5218 991
3179 7174
1402 1272
5087 8110
5708 7540
2100 8257
2156 6804
9331 9352
3010 5812
1383 7487
8692 7234
2498 9167
8844 9200
4094 4900
7952 1889
6327 4775
5963 330
7287 2932
7986 1345
5236 2438
4232 644
7136 412
8662 8517
7445 1715
9141 1605
7575 6536
561 5046
6545 3889
6412 8975
1575 6331
4259 7835
3100 9262
7965 7746
1288 3018
3216 1911
4872 3954
2909 4782
9757 4311
2605 6503
171 9187
8319 2054
8467 2958
1133 1180
4692 3397
4451 7513
4224 1561
5838 4155
6037 1768
8947 5496
9068 3562
8263 4024
1053 6983
4797 9762
9036 4274
9216 1784
735 4623
6347 8361
3828 4500
4089 2705
2019 694
6068 5219
6825 9614
2437 7742
5331 7485
1520 9646
8737 4495
3436 2894
9607 8046
6870 6660
1469 1795
9676 8035
3110 3439
6100 4595
6308 4640
4825 7035
8197 7038
5093 6943
4307 8918
2374 2492
3551 9920
3548 7554
65 3690
2925 5025
5275 8041
6057 5922
743 622
8255 4029
5836 8664
960 4839
4902 1985
1495 2158
8526 9017
8454 1959
9140 396
2448 6134
9346 1665
2558 2700
4573 3751
519 1631
549 5769
3402 8138
2395 2317
9646 7453
4945 4408
2111 439
8416 962
1111 6266
8704 133
2017 3568
7301 7122
9568 4195
8858 1068
2811 1902
1203 5666
7258 8637
8101 9056
5358 1698
8613 1755
7915 7776
9371 6035
8862 6914
2312 7990
3487 9227
2557 3927
2132 5831
5045 9679
3671 4363
5234 5140
7812 9390
1722 5421
3074 6660
5586 5763
4101 6419
2469 9468
9154 2243
677 6635
1989 91
8109 3247
1618 2139
5009 6984
9278 4934
8875 7068
1895 8489
3465 5454
3641 3635
5919 152
7053 1542
7963 8716
5810 1542
832 467
9262 4774
1987 481
5028 6274
1600 9722
5049 2512
8733 2998
3582 8256
6479 4498
867 7502
7956 388
4742 2026
4162 1820
5206 9047
5559 9518
6488 9323
5163 737
464 295
9323 8986
2304 2327
4378 2032
7495 4950
8880 4115
3742 1183
9378 7717
9692 7118
7233 6607
2078 2470
8919 1001
2643 4062
9531 9499
5805 5531
4088 3642
418 8044
1793 6364
1169 7570
2709 3985
315 2315
848 1776
2321 8795
3004 8662
5398 1687
8469 6564
894 4526
3284 6575
7492 4884
9554 4072
3602 910
2719 6375
5364 159
9638 5654
4046 6389
313 9167
3027 982
3924 4733
9418 9963
8918 5825
2697 4780
9159 402
6361 2376
8650 1119
49 9120
791 5041
1512 3370
9528 1207
114 8609
3169 8401
3769 5017
6293 1281
3759 5089
6854 5088
7110 6703
5830 6019
1390 1942
3308 9024
3708 1497
3982 1648
8761 7163
6357 6267
7279 3809
8956 7978
7614 6979
1824 8563
2195 6765
6573 955
5856 169
3827 4175
2869 3455
9921 7197
8599 6218
6141 3784
9652 2201
5538 5048
1922 4769
6821 6059
3149 3306
7834 6099
9136 216
811 5118
391 686
7700 6668
9221 9862
8079 366
3348 1179
7952 8940
3962 519
3164 3413
2310 4877
6479 4090
8558 7535
9029 2009
6889 1743
910 3777
6322 5320
5763 1093
6004 83
2193 964
6173 6842
2087 6849
574 4558
1487 8056
3724 2747
7512 3766
5490 3155
4415 330
8656 7431
7731 5763
516 4846
1635 2735
935 8828
3889 5479
644 2550
7096 3638
2884 4272
9585 5593
6978 3243
1545 1758
3879 8554
9693 8308
5827 2959
1082 2464
2834 8371
8881 6649
7711 8262
7156 6272
4392 8142
6291 8592
7211 8974
7193 686
6060 7247
720 2747
7119 3562
5865 9968
9208 6266
8476 9604
3732 7679
9088 8218
1944 3645
2989 5477
3801 3656
7929 7042
9968 1150
3770 2097
7560 4867
7355 264
8825 6923
1308 867
4207 6426
9395 811
3636 2874
3504 2931
7469 5837
2696 1396
8695 1931
4919 1212
2776 2537
2661 1899
4910 6131
1275 6792
5202 599
4801 8709
1149 1506
3214 580
9854 5691
1019 8273
9873 7189
7279 9940
1203 6140
9324 1990
2570 9887
8994 8576
542 7369
9090 8413
3962 4361
2078 1847
3109 9868
3202 561
5890 826
2453 9513
115 4333
1606 2777
9205 5132
4151 2826
7762 1641
9309 574
3775 7600
816 2498
1388 602
7432 1991
9847 5310
8915 5249
7077 4628
7090 3807
4604 7288
7912 2032
9344 3881
567 1873
7796 9666
9080 4145
5985 3985
5056 9987
6303 7966
8116 5568
8635 4348
519 9597
4629 3015
9274 8890
7779 5103
3665 1776
9369 3005
7305 5869
451 1798
1733 128
1783 4869
5621 4620
1545 8360
4792 6190
2583 333
4448 7724
2289 3380
5727 6144
6929 5899
8419 9283
5152 7621
5637 1071
5466 8445
9678 3296
8417 2010
4000 3742
7111 7230
8943 4112
3835 8781
1785 4861
6404 7157
9572 6861
89 9423
3913 2959
9587 7800
5765 8253
6363 6316
276 2989
7487 4252
2097 1564
6910 2223
6552 8049
130 7192
507 0
1696 1007
5711 1912
13 6037
9922 3096
6685 3734
9395 8664
3045 5412
7528 9192
4332 3078
9498 1852
2286 210
4131 1196
9194 6332
798 5945
2786 9371
6378 466
4581 6835
9864 542
9634 7957
8993 2447
193 4816
5482 3490
2946 4075
506 1797
4272 1960
6895 2706
6930 7920
8610 265
818 4569
7271 7088
8105 8767
2619 1277
5271 2907
870 9902
2255 8851
6022 9487
1882 4093
2734 9141
4605 8003
8504 7290
6683 5129
4301 4249
7860 9436
7694 4328
1872 2194
6616 277
7524 5152
7216 5564
4326 7354
5580 2717
7150 7573
2630 6325
9335 3109
1600 4108
7295 4362
7074 5770
6318 9850
5757 6712
6029 1127
8572 3169
8696 5014
8437 3382
6464 2510
8849 1380
9528 2777
761 75
9110 179
5966 3340
6773 6690
6898 1521
314 9022
8792 6921
1049 1901
4914 7171
4965 6631
5099 4766
382 541
3340 1961
5981 1046
7445 4364
1855 728
8527 3801
7932 7079
7137 9396
3771 117
7912 3992
7157 5658
7703 5398
9535 5735
2196 7266
891 7846
8800 9816
5036 7567
1507 9853
4703 4579
9523 254
4974 1937
5782 9019
682 2295
3223 5002
4410 4201
987 9081
6563 2313
6307 3546
8796 7339
32 2294
4360 8203
514 1205
1501 1876
9838 3857
4202 5435
9654 7902
1650 397
4421 4092
391 5877
3 8447
5168 9530
7764 4607
6035 5549
9310 737
9773 2990
2237 3135
5699 1949
1954 8272
9596 66
861 4383
5091 6672
9593 9213
779 6667
1438 9719
9584 5460
1125 7911
6557 4701
5461 4526
2776 239
5630 5831
1015 5751
6555 5620
90 7813
5484 8952
8929 2225
7818 1992
1514 8257
8306 9088
6502 5104
8995 4937
3934 1639
2080 4931
9484 9697
6729 720
775 9860
4341 1308
2533 1066
8246 8689
3713 6090
1317 4203
4913 5676
6602 5003
9746 6358
9819 6088
6893 2557
9868 5601
7294 6924
3082 7714
6057 8494
9077 511
8893 6953
598 9408
8248 2128
5786 2900
1169 2579
536 1551
7711 6307
3379 2607
4975 2010
4810 5383
5860 7182
1168 6490
6787 3591
2534 709
60 1374
4328 953
8194 3545
5811 9011
8361 2855
8511 9517
1774 1107
2795 3265
8792 4485
3656 1724
8595 4382
2845 7398
6781 7341
2725 1715
9729 9141
1708 7722
2684 9935
3441 6636
8515 1638
7869 8156
7377 5081
2396 492
2963 8211
7693 224
8040 9263
7438 8352
5648 9620
7347 2600
7289 6481
4255 4798
1496 227
5260 8603
7334 7766
131 2365
522 2176
1831 5412
6381 6129
3571 7247
2729 2401
7432 4811
8786 5891
1352 5130
3463 5927
986 1281
4379 4136
4356 2047
570 8842
6390 5285
3903 2227
2610 4385
8479 6939
4249 8677
2183 832
2367 5594
4013 5133
5573 9214
1749 9971
3934 3430
4641 3340
7477 4080
24 4275
5858 835
7913 3358
3854 1157
5615 1399
3014 8713
8624 8227
772 7838
1748 4876
8025 7451
1387 5934
8227 6956
3665 3121
7783 2767
1597 8792
1971 8449
4534 3541
4932 6519
7752 4147
4319 3707
3980 553
6317 7432
1467 2873
6957 2165
7789 6145
8378 6387
5492 9573
4084 1310
7605 9965
4863 8046
43 2625
4544 5737
1083 9565
5579 7265
3224 3525
2182 9419
8441 6424
850 4074
7831 2850
1617 5078
3117 376
1810 4277
7026 3638
4336 6814
1066 148
4246 1633
7674 4735
7138 1132
8965 1775
3594 5402
7370 5115
786 8785
8550 6221
7027 1413
28 2666
9239 9719
5490 8411
954 4122
4134 7400
7069 4516
6415 4878
8453 5373
4048 8657
2090 8394
8596 586
2583 9730
6996 423
9489 9786
2183 2314
7494 6400
7428 4162
734 9874
6312 8471
5838 9660
5716 1045
6023 4771
7197 1123
9896 2680
9382 1677
1392 7034
8516 9504
8191 715
8558 6412
8525 4287
1584 7858
5084 6087
9931 811
7881 2471
9284 4372
8663 5766
1651 7370
8113 9740
4170 2416
8875 6403
6149 4475
2108 2110
4273 5481
1182 6970
1772 758
4205 1073
4398 3735
1807 1470
8195 8328
9287 2875
1103 310
307 6751
5736 3845
2325 3016
9680 3126
4762 9976
4106 7774
3538 4435
1831 9876
9760 748
6275 6522
148 9625
4945 4669
8580 93
4819 5304
6680 7506
5607 9503
9819 3178
1074 5322
1398 6966
3437 5361
1256 3946
4248 4286
6590 473
2185 1538
3612 6654
3094 7653
4021 9591
9723 3792
5601 6565
4760 2325
7389 6281
3614 980
2989 4283
5262 8287
8465 2166
2201 1850
4912 5172
9087 2395
2930 5437
2627 5017
5203 8277
4294 5087
8553 8921
3544 7441
475 9477
9483 849
458 7297
8385 6368
9879 636
9688 5734
2618 374
6881 7833
4088 6388
1548 8982
8914 9844
9662 1929
7726 6761
2192 9311
7244 7677
5696 4181
3600 8275
4432 9323
5269 6563
4429 9669
1659 8545
8473 8960
5460 4654
1336 1601
2197 2551
1695 4539
8159 1752
3355 4956
1248 133
0 4854
7518 7963
6743 6990
5271 8768
8769 4324
4837 1605
5139 3164
9234 2724
5517 7175
3212 1555
6553 2145
7431 5054
2311 1237
3019 857
4934 4243
3439 41
7403 4461
8938 3650
6625 3168
3461 257
9693 6956
3338 5653
823 3732
1608 4696
9955 7681
3102 417
8674 9748
5240 1130
3922 7451
7036 3113
8312 4149
5702 934
9191 1806
841 4846
4093 1030
4294 4224
4207 6387
4062 8453
4531 169
1449 4245
3909 404
3895 4625
6244 1240
1666 3965
2393 1904
2225 5274
6918 9457
6941 8744
1928 7086
7819 1123
5300 8854
9447 934
5544 1327
8337 5143
2685 4124
1394 595
6278 1804
5365 4834
3728 1293
4903 396
9559 2134
558 969
6004 9332
2349 2198
4216 9051
4948 9602
722 2427
1789 4105
8684 8806
4842 6718
421 5463
3908 6970
969 5135
1351 4094
6636 8499
5909 6931
3968 3398
9398 6960
8915 3987
4676 5688
8225 4569
6248 3131
1446 365
4726 1695
4846 9587
270 355
2342 2991
2208 9970
1298 2400
1067 8458
1087 6652
125 1719
312 625
3703 7393
1978 7657
7140 3848
1140 7606
6528 4777
7527 6380
444 4278
3865 7163
5228 8243
6169 5207
5815 5329
4150 6533
3942 4847
4932 8105
8315 3145
5968 8530
4361 2685
7087 9693
7409 2638
6257 1514
4584 3971
7009 9079
8266 4210
4685 4083
8137 1352
8303 7215
5764 3392
9807 4941
2984 4373
8002 413
6194 2203
6680 5023
1903 1681
8077 8989
5614 2976
3913 4392
5807 1062
5466 7804
1400 344
5013 901
132 8586
2095 527
8873 9516
7744 1614
7201 5088
2535 2746
358 6069
1019 5436
6099 903
8698 9554
1740 7573
7921 580
3394 4154
7121 1231
3380 696
5312 8262
5079 4213
8589 6989
6997 4914
9600 8803
8632 1990
490 8901
9404 880
6299 8225
17 878
9891 9891
1779 1962
6831 6931
1824 5481
3499 5716
7867 9813
3513 8204
7567 6676
662 95
5535 2435
2974 4139
3031 2428
2632 9422
6868 2953
8311 6715
289 508
3072 7472
8718 437
3917 7852
4739 8065
3717 1917
6314 3268
2518 2311
3507 8460
4011 4606
556 9613
8956 6466
4102 1552
8630 7365
890 6323
8116 3936
7478 150
3660 1899
5885 4804
4519 5227
4087 9099
5124 1835
3368 4539
8949 9281
9942 1816
5012 2212
609 9717
6801 6830
6997 5523
4982 9968
3547 4043
3781 8699
9656 296
4559 195
1622 428
2388 8899
3761 8570
430 1945
50 2092
9644 6475
5276 5463
5915 638
4413 7753
7052 6430
5063 168
668 8119
4023 5454
8673 8858
7684 9014
5656 5077
1583 9791
7439 2084
291 3076
7696 6749
933 319
9963 5428
9424 2838
4841 6151
5540 78
3459 5205
5026 5433
3535 6688
9606 6402
4402 3885
156 8823
995 5809
5591 5503
153 1777
2100 6873
7806 9037
3690 915
4164 4630
8478 9132
4176 8003
9128 4746
7825 7424
6754 2869
9507 8939
1642 7076
7200 8538
7489 5378
4577 5331
6690 4621
2715 6414
9781 9795
8299 2310
5491 7179
9175 2786
4969 4011
5222 4391
8639 9578
3145 825
4701 7103
9210 6625
1018 9765
7067 9741
9140 8555
8157 3313
6588 1880
2793 8531
2758 7165
2854 3127
3382 2441
8678 1777
3706 615
4791 993
4463 4808
9176 1726
1828 3481
5251 2485
5720 8563
6104 3656
3036 5829
4434 6788
9231 7853
891 3907
7698 6791
5722 7096
2922 7091
8538 4766
7480 462
2576 5168
3532 9192
2461 875
8876 2012
2832 8688
6695 1420
4037 5111
6697 7929
6652 9694
9516 4735
7143 5630
9655 6931
5695 4620
6329 8888
315 3215
859 9285
7624 4140
3634 6391
2885 7031
5868 4971
7091 6467
2166 2127
274 2050
9479 6998
3045 7186
1202 3289
664 874
9286 4473
4193 1217
9774 7173
8921 4762
5048 9988
9572 2105
1803 5374
5600 7338
1864 4059
2457 8350
6520 7005
4343 9218
7721 8890
2771 8996
3315 9589
603 9618
8780 587
1733 2302
1618 3094
6341 82
6286 3281
9645 3734
7093 6823
4820 99
7680 5442
1117 3527
7772 9872
6816 2396
3820 4277
1963 4808
5186 542
540 9454
5595 6336
4649 9328
6581 179
4344 8135
9806 8024
1657 2
3112 4046
4579 9931
7326 1788
8113 824
3305 9351
2609 1967
3380 1753
2025 145
2099 6976
2241 3409
6969 5273
6443 5703
1006 4444
7324 7493
6883 6296
6279 541
3125 2228
966 7764
1204 9262
783 6404
320 6767
4955 8933
8555 8626
8440 9567
6035 4204
9415 5303
4765 3749
5817 9440
1308 7245
9765 5034
8760 4542
3632 1260
6484 443
1715 3600
7833 3229
3743 3105
9246 9181
4551 769
159 8039
2191 2262
6291 5716
2183 2883
9688 8760
7681 4570
3931 3682
3890 3844
6332 5871
8073 1453
9065 783
4355 2268
3103 6524
8196 3977
1052 1710
713 3222
4109 2825
834 500
5002 6715
9391 5120
7325 3826
3904 2904
5563 53
9496 1846
3877 9750
3074 9874
8579 9235
4677 6515
5577 6729
7900 6624
5586 6162
6679 8053
5938 7424
3060 4179
8714 8348
1457 3146
6970 1265
2751 180
8367 7415
5512 101
4581 8872
609 1167
2012 9309
3457 4625
3436 1730
384 9116
6469 8192
7932 2916
9539 3710
6082 9555
8672 2866
6222 8683
2276 4668
9874 9901
6768 5488
6461 2039
5199 3294
9485 9097
1949 447
9619 5756
6671 7507
7912 1760
8179 8401
3061 5057
3456 4891
8473 237
9615 8476
8054 5728
36 4957
1566 8599
9778 5907
189 5425
1186 2085
8651 9164
3291 4967
4757 3359
1552 4321
4516 9638
972 751
9323 9146
24 8419
8100 5378
8467 6535
8239 2861
7348 8872
9462 6073
5886 4475
9389 6206
1004 456
9468 3887
9313 9436
3678 5618
5331 2462
6073 8710
4936 4023
4152 454
6564 4464
9828 3530
6779 9485
1346 9954
3692 3162
44 4758
1800 6489
5018 7268
9090 8501
6013 4120
7584 4683
4649 5616
4689 3541
9609 3312
259 5859
6034 1494
9542 6716
9420 6758
9500 244
1348 2763
9115 4842
6276 6016
1224 329
5920 1164
8748 5538
2341 9429
5576 9315
4483 9684
1029 574
2092 2608
5869 7658
2525 5499
6839 4065
8113 5300
3628 8058
9222 9680
8582 7821
6934 1251
2579 2479
5421 9156
5170 6218
5934 6508
7726 1303
3960 7232
8853 7960
6601 5314
438 1863
8518 9903
9737 2105
8393 5606
3530 5605
2258 8119
3522 40
3294 4727
8702 2147
3663 355
956 7197
7100 5767
7423 1006
3079 7814
5786 6174
7991 9226
8328 6797
4616 7287
3062 6052
9032 761
3262 9259
8030 2844
8343 3859
8955 3055
4805 2914
6502 963
4401 9973
8509 3374
1138 1044
9178 1652
9969 4445
7682 9128
852 7494
1756 2776
4080 153
5959 696
5277 6759
6291 1632
373 2297
5785 4933
6091 5627
3487 1643
4405 2975
4398 7900
8074 9638
898 9957
3060 3464
7818 5963
9857 1894
1084 1211
8191 390
2074 2284
8718 4803
8983 5733
7521 2493
8895 1999
9214 3832
9398 4804
9818 2622
5255 7362
2041 5113
9049 8216
868 1594
6193 4872
9786 845
9474 8402
9184 4671
9487 2392
981 4153
1251 7243
7516 3861
4904 9371
9597 5701
3444 8194
1836 4462
907 1345
5575 4091
9193 5200
201 2914
6033 540
4483 2997
4672 7698
1173 927
6036 6555
7329 5969
3835 7653
6176 3913
9866 3230
8135 5061
1339 5116
6918 7529
3889 3779
3927 605
6034 8673
29 6802
6414 3256
5825 9471
5830 2922
1512 1215
3252 8520
1010 7615
5592 6724
2082 9392
330 7149
7224 1013
2994 9265
6763 4106
8343 1514
7013 2121
8135 7386
7228 3826
2363 9071
9822 9889
7890 9692
7508 6029
2774 9559
7252 7214
5239 2733
3976 7396
2375 5097
5106 6396
886 4860
691 6642
3306 5085
648 5509
5399 1953
2666 6010
7189 4301
7308 1940
5258 6631
4100 3976
5746 9705
9557 8479
6089 5124
4367 635
5154 9911
7570 9020
6772 346
5007 247
8741 1204
8750 6608
6201 543
485 2524
7706 4050
7429 4598
4368 6549
9207 4396
6484 6012
3274 1494
8864 1656
7515 1764
9784 2200
9142 6341
7574 1923
3426 221
7563 5379
1766 4695
5357 1176
4622 1662
9662 9487
5170 79
1142 2770
8681 7330
3896 605
5534 9382
4509 6530
5959 6267
6831 2423
6214 7362
625 6888
4235 4659
3581 336
8210 8621
6672 8785
1400 4686
8866 5203
1137 8706
8744 572
2335 7367
3800 2986
6710 1777
1620 5296
2007 2600
2236 7803
8611 3532
8051 1230
6235 21
8162 7842
8534 2553
1234 5822
7609 8222
1233 7417
7626 1385
3763 6319
7696 9431
3798 16
996 163
7449 3213
6215 6
719 7397
1224 5227
4113 4090
8945 2420
9382 7253
1652 2585
7498 9560
6658 7320
1936 1145
5993 2870
9969 5467
3173 5308
9379 4137
7625 389
6593 3048
8770 4009
717 4222
9792 5011
759 8449
7577 1016
1875 2022
7543 9396
9891 6786
2544 283
5701 9806
50 6506
4160 3282
8101 2145
8306 2391
4869 3655
2508 3799
2503 1247
9006 997
1009 1340
3442 7271
8997 7606
1215 4414
1785 5845
8809 4324
4041 8230
2450 7887
6656 2515
7955 2720
3514 5825
7051 8881
5523 3239
4739 4278
9055 3642
8938 1927
5844 576
7071 6722
4609 2749
3499 5001
3125 7394
7653 4098
6591 4629
1147 8529
5000 9098
5740 1249
2019 9459
8059 8983
5838 8915
172 631
1498 6206
5906 6722
1674 9268
6208 8176
8232 9694
5575 4853
42 4151
5439 295
853 8260
6723 3876
9470 6728
1406 3621
3964 5859
4557 2549
9625 3472
7634 5967
6978 493
2231 411
636 2364
5535 883
6005 7177
7034 722
9224 5276
3274 3300
9650 7938
5186 5735
1339 3846
7233 8299
5187 3190
7670 5175
9168 3011
5070 7648
3114 8041
1528 8434
322 875
6272 9457
2761 1284
3974 9512
9495 4291
2904 4877
5537 9252
5749 757
4144 3955
8656 4182
3245 6875
1441 9309
4647 9661
174 6413
9144 9399
301 5522
7239 8212
6902 8954
7913 2349
4848 7676
3736 1182
2608 6340
5936 2541
2388 2600
9845 2777
8173 6848
9571 3863
6784 1763
2239 4158
9139 1959
7798 6195
7754 8525
6751 5474
2299 4784
9225 4519
7694 2702
7836 1146
1298 2650
9129 3180
8118 2851
5278 927
2765 1188
2135 9677
8082 5307
5932 2341
2727 7583
1944 8119
4919 8603
2501 374
8233 3327
9640 3630
9464 1720
399 9850
8190 6370
4943 8425
1037 7338
4265 1162
6698 1218
4519 2732
1988 6571
32 9810
8448 9950
8842 5972
9201 2795
5154 2746
4551 267
115 1658
9026 864
3835 7628
9338 678
5712 2113
9586 5824
4335 9827
215 6640
8716 3949
7913 3131
1182 9254
1715 2528
5337 6361
6971 6371
7379 1573
4879 5588
4885 8290
4241 2490
2377 3732
5202 7917
8124 3400
6652 5479
6406 5463
8348 5348
7448 8158
7436 3932
4102 5516
4941 2175
6674 6299
9540 9962
6797 8591
1140 9525
9365 9904
8270 5151
9273 3423
6193 478
7587 8389
4783 5153
2795 1577
8483 9422
6919 8689
4915 6841
2957 1670
4784 7362
1496 6116
848 5837
8516 4363
7250 8043
5168 9255
4419 3769
9427 9795
183 3082
5326 5985
8709 475
2739 2416
2881 5837
7969 9619
9030 6976
6122 792
1115 791
6167 8813
7483 1113
8983 4263
5786 261
4376 2286
3905 5129
109 8284
3309 9083
8884 6901
5684 7782
9321 198
514 7098
7316 6380
3521 6196
7138 6575
137 6589
5602 5242
4994 4653
336 2997
1481 9688
8139 5083
1016 7265
4402 6399
5923 9197
2583 3555
6873 1937
9651 2282
9477 5460
8325 1382
3819 864
2971 223
8716 7762
9180 6340
8432 8640
3469 7417
9983 6021
2202 9184
61 1426
9393 1780
4790 6956
5294 4624
7206 3154
5029 3036
1218 6033
8897 8242
1731 1358
3247 4916
544 5918
9115 2076
1923 9634
1163 4506
1568 2603
1314 2879
6434 2212
639 8
7840 822
3388 4960
6299 1182
2668 7363
5965 1455
5063 496
9461 5861
9808 9684
5106 8563
9709 2215
4615 4511
5205 5839
1901 1572
3338 2132
6250 2666
55 8847
5459 7815
4575 9014
9807 4065
7727 8383
4363 2911
9928 2835
7532 2814
3427 5854
4102 6014
2200 1253
125 7927
1517 335
8142 1168
9240 948
8666 165
714 1779
7011 8743
9885 8704
2298 4666
670 2943
7753 6791
1540 8649
3112 5378
2535 4718
3787 4027
407 3418
942 3738
2779 7324
4303 894
1124 1741
602 5313
3735 8195
4538 7950
3 4084
4480 5897
5536 90
3586 2709
3059 8190
1095 9325
3304 8236
5916 471
5724 5
3684 1329
77 4090
3524 5691
2448 6609
7272 1667
1166 545
8595 6720
5766 5879
5348 4616
1829 5189
2578 5778
2260 917
8698 7511
2479 1853
2770 3386
5970 9440
4034 9908
2101 6442
3391 115
7439 297
3004 7639
7390 303
7935 2987
5187 5677
8602 6753
2641 4471
2381 350
8457 1720
2702 7336
9620 9180
4238 1881
3828 140
5451 684
4312 4390
5705 1255
4915 765
1030 3145
2518 1688
2902 7929
6885 8503
6337 139
6235 8495
3134 2421
5323 4218
7701 4778
5200 8608
2046 4212
1784 8475
3504 2394
2931 7180
5794 7485
660 8895
3492 1344
7767 6097
5271 7580
6903 1412
2559 5508
1316 2329
3918 3714
6687 1275
6955 4806
700 1692
1075 5144
8877 9614
6278 6204
207 692
5380 9772
1930 3443
6980 556
8473 3598
9452 8446
5545 1762
1376 1282
4435 5880
2171 3452
1165 538
7979 6276
7888 9330
4132 4163
9293 5102
5789 5139
6233 3063
8662 4489
3168 8446
9874 6574
7220 6343
4482 3992
6631 7874
1954 130
2345 4713
5285 4459
5054 3954
342 4159
4352 8652
6749 8957
8890 7371
2482 2738
7767 6902
4879 1960
3454 4585
8356 6063
196 3225
5403 68
3485 4482
2364 3899
4308 6484
7650 2646
6531 5313
1413 5417
3373 60
5230 2553
8133 2913
5710 4452
6382 373
8973 8957
5111 1345
4648 1464
2205 9685
1899 9143
8068 6924
6243 811
5550 1181
2247 3661
8562 5468
3205 3163
1320 818
5677 8575
1072 941
3775 136
4103 8958
4011 1154
9287 4468
7616 9582
540 1560
6369 8844
6856 609
6860 6681
9038 3800
5452 462
4780 3296
4680 7930
6763 4949
8760 1465
8461 3185
4644 2838
735 9210
4985 8019
2012 6225
7651 1262
958 7223
4123 4166
5439 9943
7441 5801
4411 9874
3674 8107
7330 2940
7047 806
8279 5851
3153 2909
7106 6829
9108 8895
5274 3814
8202 2965
7515 3983
8186 561
8577 1549
4189 7711
7864 605
117 1817
7343 6432
5883 8628
771 276
1078 4671
8361 865
2084 5912
9662 8
3425 8855
7343 1563
7886 8177
9393 5515
1173 6888
1693 9698
4544 3980
1498 2310
8670 144
8715 2576
7999 6098
8725 1294
6959 197
6218 3438
573 6879
2734 8988
3522 9206
8207 2757
7041 2245
8752 22
6411 7298
8468 6092
2319 5508
2980 853
8677 6146
4484 6238
7409 2098
7702 2131
8160 3149
3739 3166
4734 4430
9056 5113
4251 1024
6561 6355
3758 7749
7151 219
4961 3559
3723 327
6255 7164
3572 9611
8345 89
898 3585
1399 1443
2398 309
3424 1610
834 2158
3504 611
413 9451
43 7535
211 3071
1263 1709
5582 7991
7675 3146
2265 723
7773 2077
427 6203
5711 7671
5736 7797
3860 9465
9752 2074
9006 4907
5304 2522
2053 8880
2380 1351
5989 5573
5770 7040
5483 205
9963 1985
2390 1747
4845 3278
2932 9423
6618 1989
3948 236
8398 9607
5173 4762
6003 6025
1276 7425
5611 9891
3030 3447
8770 2199
3029 569
1731 9403
8737 4760
2318 8476
2129 2884
6939 3990
2845 433
9047 2104
2607 4140
8251 358
8186 2595
1416 9117
6464 6063
629 4371
9607 6492
7421 2364
2547 538
2333 8964
3991 1360
5245 312
3800 3300
1311 1239
1086 9322
1087 5195
5365 2941
9610 8272
206 6434
4092 3391
7507 1686
5615 3049
2902 1100
7686 2134
8477 1980
7149 8634
9428 9226
6873 5411
7333 6963
635 2093
1812 7062
4002 9585
3216 9608
9809 4335
7514 8553
7905 2317
9743 6629
4491 4451
7472 1251
2472 4915
2905 1294
8703 398
3364 1570
8467 6942
1981 3312
6116 9640
2791 4497
3120 697
5654 5917
5339 3976
1726 801
5476 5571
4919 8246
9864 4039
1394 3825
4311 165
8425 5006
9579 309
5916 3044
3891 4610
3904 5803
2765 8742
6406 2574
8506 8634
8950 5330
5113 806
8440 5981
2253 5010
8017 7724
2149 4913
7428 4175
9159 8684
2462 6631
1955 4559
145 1535
5183 4620
4537 7586
1898 6533
8681 3821
5482 7730
8832 1543
4316 8506
7130 9423
2200 7124
6277 201
1891 7025
4407 7883
436 6041
1217 8416
5538 274
2167 5900
3985 8950
2352 1955
509 6154
9866 6693
9253 4769
7558 6970
4529 5689
4599 9063
3094 4212
8963 4557
9941 9077
3705 9366
4385 2114
2936 7812
6313 3858
2766 887
1819 4707
9949 550
3009 8492
9115 2752
1441 4679
6579 2900
2096 7255
4481 9681
6963 534
8940 2210
8833 2353
3672 3274
187 1273
2249 4997
2956 557
1733 1878
8918 9162
3863 8676
4388 6770
1094 7207
8645 3849
8063 1353
7128 8494
4170 7351
6389 6477
7074 9055
2674 4806
9857 1507
2947 3538
4594 1609
1769 5891
437 9798
1892 7158
4567 1389
3173 2601
875 7578
5772 2609
1182 5595
8174 3766
5086 2371
1184 7742
8958 2523
2749 5814
5670 1774
772 2042
7004 6152
2710 6690
4700 8036
2755 7912
2610 1001
7709 1177
403 5059
7157 8751
3766 4722
3219 7111
8719 5013
7769 7010
3187 2764
7012 4198
9701 3358
6721 1610
607 5148
2742 4349
3216 5367
9499 4078
7639 5391
1128 9345
9551 5267
1357 2938
6493 8151
4045 7695
7130 2423
8928 4131
2054 7495
9446 4022
8510 3387
5484 7741
4640 631
9164 8705
6309 5361
8256 2579
9101 4670
8632 1354
5628 6276
4846 3438
2698 4817
334 7663
4005 1382
6013 6133
9909 1818
8272 1032
6552 434
9875 7657
4946 9896
1972 5227
4970 6196
603 37
2468 9104
8053 9804
317 1225
9975 295
6511 5712
1681 5678
8714 7374
9392 2689
1560 5692
6286 1571
7626 2384
3737 2751
9150 9616
5918 1200
7485 3937
3078 3297
4921 5339
4627 4060
3485 4972
4233 2497
7947 623
8752 9711
8316 6451
2755 4148
1665 716
9233 8611
3660 3604
7671 4370
7979 6648
5391 5632
3351 8486
8163 378
5514 6861
5754 7814
3284 7445
712 1198
3485 9201
6926 6997
6479 1212
7 4696
1277 6222
5018 828
5512 8258
1311 2321
8813 7030
9794 4412
3728 8886
6961 3306
5843 1149
4537 8085
9269 1816
7353 704
7430 9093
5707 8759
2109 6810
8030 3115
3855 9557
5059 3103
8960 8320
8278 8479
6478 9328
3416 7243
1142 2109
6353 3653
4573 6533
9000 1820
5419 7146
7698 5752
6606 2468
3901 2815
7020 3510
4717 4178
888 4872
79 6313
780 7463
3342 1732
2115 2772
1567 3195
6384 2053
9232 3355
3865 961
7216 3756
1549 3296
3547 4395
4277 5330
8077 570
9148 6159
9160 1097
2272 3561
4670 7706
4610 4403
9337 6145
1970 9227
8456 6080
8781 3764
9289 94
32 6650
3963 8
8387 2961
2989 1084
921 7610
3058 8924
6103 2500
3472 5473
1264 2434
4744 3659
3486 8018
3583 8065
256 157
7313 5941
8206 4818
1504 9059
6469 6709
2875 2980
424 9062
1988 1682
6109 9431
9272 1794
2996 7441
2457 834
7655 7337
6056 9276
3552 8457
5639 3296
9316 1685
9640 2137
4228 8359
751 9338
318 2228
4786 6719
3929 2028
6398 7345
323 7669
3003 7374
3474 4147
8679 4885
9363 313
4323 2227
9565 189
7275 27
9481 1855
1617 6001
8411 6500
8844 3335
9016 4969
5071 2958
1607 8179
7732 9808
2324 8181
7342 870
5414 2999
5100 5144
6794 3975
1363 7629
6039 6177
7162 2953
9187 6940
1354 9915
5942 5719
802 7487
6459 4848
745 9832
6710 2366
7541 7499
1389 1284
1561 3543
7320 5705
3090 1307
3394 9049
1927 2910
9670 7518
9583 5928
2232 5236
1084 966
2920 3707
5885 4412
7142 2821
2441 4685
4819 3986
9923 1851
8712 1566
1023 5500
7324 9664
2954 783
8485 7389
2694 7088
1846 8324
8840 6814
7350 9853
1456 6687
4757 625
9238 6241
2917 9361
605 7108
3076 6159
7292 207
2732 181
1204 3104
3696 9878
3238 2863
637 3105
8566 1759
923 3313
8639 6492
1879 5890
3511 6173
2456 8375
2856 9723
855 2506
6786 5180
6484 6317
1124 8275
4859 7265
6177 8442
7839 5032
6578 4883
9634 6782
6497 8128
8765 330
9844 6615
2388 4553
7638 1578
657 9524
9122 8845
2570 1718
4495 4701
7423 7779
9959 6232
2128 5737
5130 7036
6392 6943
1067 8422
2439 4686
6774 6954
5821 8666
3383 7934
6806 4485
9606 305
6750 6
1290 5347
4464 8768
954 9298
4454 3884
4709 8600
4753 8026
2057 6247
274 7197
9191 6838
4280 5067
1060 9430
6092 4243
9188 1672
6304 864
2180 7952
5000 4276
779 1928
7707 8259
8377 678
3188 502
8092 2701
7724 5756
1125 6843
1105 697
1629 1937
900 8506
9428 2244
1114 2240
942 1701
6525 7317
545 6454
8193 8916
5039 9892
7139 6294
6364 7698
8883 8316
8 6692
2439 2006
9189 1307
8284 5186
7117 8606
1559 7969
3595 9901
7460 3269
6731 8714
6975 2154
1136 5692
4885 99
1613 5525
8094 3707
4610 6899
7887 5559
7848 5755
7174 4722
2616 3544
8484 3682
6379 5388
4980 8935
726 8143
2327 6973
9890 8298
5633 7432
1454 7283
3582 6096
2063 7343
339 2281
1259 5467
7669 36
2407 1043
2924 1331
3617 5216
1759 6931
4571 5782
1052 7404
9575 4112
1946 9618
4275 3804
7634 3686
8440 5286
7277 470
5748 3618
7586 1355
1100 6619
1132 9522
8208 8246
7409 6446
5258 5994
260 7764
8920 9661
317 5178
3669 176
5967 1285
7486 3581
7123 9551
3548 5851
4095 7772
3084 5019
2093 4540
8317 2894
1422 5311
9469 3496
9137 9969
7259 7326
7385 227
7530 5605
1778 3363
6445 2296
3028 8390
8632 318
1002 6905
8084 5249
2431 3646
8802 7246
3202 4536
3252 3023
989 2208
7884 6434
2834 1718
1821 9237
2899 4676
4532 3527
8226 7934
4846 6599
1421 8397
382 9281
7923 5084
3655 101
2806 1875
7509 5781
8374 5502
6088 7120
3746 3726
3448 844
9982 2503
6234 1200
1406 8627
2266 7643
7716 7442
7927 5727
3406 938
2333 1050
8081 1091
1712 1752
5020 357
2792 9795
6055 3808
2754 6364
6364 320
1556 4041
9718 8286
4885 5407
5224 1593
3786 3188
5141 6938
3691 8516
9656 4334
7717 3828
5611 2552
3875 8264
4956 4071
2620 5803
1509 7463
6841 2840
2537 2897
4606 8924
5130 2156
498 7376
7282 7952
5725 3426
6389 5422
9580 603
7370 9777
3908 8410
5656 1737
5033 8672
2565 5616
6645 9375
554 1573
3029 9510
5382 109
2080 3216
9977 4559
8737 2981
3675 397
1605 722
751 8360
1713 9562
5988 8800
1165 7473
9172 671
8562 5014
9864 6092
9484 6534
8971 3917
9876 641
2365 9883
1398 4172
870 7402
8972 2063
4294 320
1363 2441
8105 8987
7365 2214
5989 5383
7855 1459
8658 4393
3849 1014
4906 800
7232 2394
1398 9368
6997 9112
6882 3054
7117 5658
8346 621
5960 6125
7352 5875
6677 6062
4938 6488
9579 5598
9524 7736
2342 7040
6500 3403
4846 6176
4772 9022
2029 8473
144 9199
9715 8381
1010 5566
9273 3129
9279 8368
4278 1435
255 7032
4731 9271
4742 711
7683 2902
1734 3375
531 9973
9926 6716
6645 3805
5396 4874
823 6133
9270 6827
3502 6028
6374 228
8843 790
51 4338
5687 1191
1540 9874
2768 501
372 2283
9814 2071
6267 6847
2226 2961
2787 1542
8125 1464
1500 4919
7568 9475
393 2336
8638 4360
8208 3378
2137 6846
8973 7077
4135 1205
2949 812
5481 8388
6914 9964
4584 2782
2779 2551
2904 1716
8151 2373
8436 78
7636 7205
7555 8703
6192 6996
903 6966
2897 5208
4197 5415
1850 9768
9953 2776
8438 4894
3514 6639
113 7855
197 7377
2840 1314
5348 6317
1637 105
5716 1668
2369 217
8587 8082
96 4027
1022 7331
3360 9919
5993 909
7461 9670
458 1633
1325 3849
1459 2927
9270 7767
2912 4626
4410 6876
1971 6039
9721 7104
7097 260
981 9222
3591 3356
407 7660
6843 2925
3288 9243
2204 2815
1198 3106
1368 6343
8054 2226
6200 4549
2996 2468
6747 7510
4132 2677
4243 3351
6317 4704
1510 349
452 377
4793 3001
4807 1502
1980 5045
6220 2980
335 8931
5509 8055
7523 6281
4525 898
7999 4617
3730 6585
3221 6815
4000 944
4102 4541
5017 7763
9588 5485
9793 4525
5660 1534
3001 3451
2013 1118
8180 1282
4639 9982
9926 5315
176 4
3323 6229
1761 6157
9000 4940
9957 2449
1358 1655
642 2099
5584 3171
2155 3857
1800 4122
9665 6674
2868 8064
4742 3968
9840 4387
537 2390
6687 6115
535 9612
4507 5772
1388 6674
1569 1607
3892 5801
6988 3641
837 9019
7030 2513
5397 6901
8975 9882
4733 8898
1147 7893
9315 3386
2724 8452
2786 712
5816 3646
597 8109
3332 5108
2832 1413
4639 902
5319 5803
4356 4893
5579 8516
8686 6841
2139 314
3454 8765
6971 1467
5950 35
7494 8075
2934 3672
5204 7619
5709 5364
7573 2766
6616 7006
722 6423
3188 8955
5474 2039
8756 1072
6336 4215
9924 8655
8268 228
7953 5440
2416 4756
2064 8114
9668 4978
3572 1943
3385 1228
733 9515
8204 1536
2043 4719
1046 2812
3052 2786
4124 6374
889 4440
5104 8088
7792 9224
1384 1682
9204 1029
9141 3642
3883 3325
4431 545
4710 946
8836 7717
9609 6997
973 2971
3568 8902
1686 821
9876 3526
4523 2734
8109 614
1745 8972
3100 4961
1292 4726
9572 7253
9060 1136
2063 2300
4478 5670
1010 3877
5383 2009
8403 8966
1900 2668
9883 5794
2150 5017
5392 9819
5549 9774
1030 6573
9990 5783
6545 1874
7377 7658
4954 8477
2647 5275
7506 3367
2259 3676
4382 7723
1495 6456
6376 1809
6847 5104
2136 7197
9350 9193
9083 538
3238 7928
8911 6433
1989 901
8957 2534
6096 3685
6907 8303
595 1339
999 5846
4584 5229
9228 3313
9837 5123
9881 4303
3560 7362
8373 2607
9359 7421
7613 4096
5662 4971
6929 2048
9520 444
9802 6481
1957 1321
4082 5459
2277 3045
3977 2719
6424 5035
1682 7556
3861 5751
5620 5665
2992 6212
4404 9135
7663 3632
699 7829
5232 634
2782 6534
2457 5148
1166 8207
8176 1330
6347 9362
6391 828
4384 746
8791 9593
8481 3634
8871 2185
8107 8444
1958 1231
5697 7403
4062 7482
6544 6128
6012 7722
5797 2956
1377 7772
5219 5565
3311 693
7896 7516
1351 1437
9838 363
6811 8106
3276 5453
1321 1293
7413 2807
3372 591
3455 6737
126 7564
4507 760
7746 3777
7070 969
6926 8939
8508 1590
2358 5285
3773 5149
4982 6761
538 5615
2353 6566
3074 5175
9067 1496
7924 3243
740 7926
9157 7298
913 5581
6181 6370
1578 696
7500 6481
4649 6108
2248 4650
4374 1529
5260 8077
3300 3417
4646 1396
3153 9683
6912 1437
1327 7787
3178 440
8242 5195
4615 8996
1412 4696
6128 956
4650 4930
8095 2247
5875 4204
789 8046
2146 9180
9152 1924
1014 3491
1024 8793
5153 9207
9065 4343
9425 8753
8872 9163
8059 2256
1422 1658
339 5978
7803 9220
6404 4515
9401 2524
3283 3526
8444 9789
6233 2078
2880 300
5726 7843
6336 932
2410 4109
2599 6787
7754 6084
2277 8470
2875 460
7200 5682
1118 2042
8987 2137
4484 487
1346 45
7248 1443
9170 3701
8217 3066
5299 3806
3455 9274
7147 3869
9186 4340
8274 1414
5080 448
7224 8530
6448 8642
6345 2115
3086 7359
8899 6744
7251 6281
1728 3811
5930 719
1695 9152
4225 2856
3386 8931
5636 3746
3751 7579
5732 8343
5591 2278
208 9570
1183 6979
4708 7155
4511 9575
5307 3076
211 5954
6995 2680
5010 4240
9558 1701
6386 5801
4852 3289
4113 2888
1650 9061
9172 2473
6662 6852
2878 7711
7618 1211
7576 4602
7606 8583
3361 1028
1975 2348
7673 5553
710 6182
170 2502
2636 8895
9484 5743
1289 5007
9602 2037
5085 1371
9219 6568
3977 1153
9360 2722
8016 2875
9884 6953
6389 6674
834 7370
851 3127
3988 513
7260 8211
6650 8768
223 4872
2456 6398
5978 2212
3884 5101
7413 6937
515 6181
8339 2856
411 9060
7535 2048
5361 6121
7950 9636
3192 9058
7098 5136
6421 4802
2150 1676
2156 9538
8682 7034
86 7453
9781 3700
7388 2901
8027 2341
6800 5630
4227 8225
6544 844
918 7303
5544 4111
3893 9976
9188 1943
8894 5948
1558 672
2174 1574
557 8494
4846 5318
4070 9027
5208 6508
5244 9967
3427 9256
3866 6969
8401 7614
3518 6969
8229 7368
3871 7066
8609 1798
1453 7134
8975 7024
5494 3303
885 1135
7941 7062
229 9804
8227 8457
708 6413
428 5256
8545 6438
5450 6616
9158 7713
362 7138
3243 9050
4536 9583
4827 9603
4855 9019
3073 8983
5145 8832
974 60
9332 8503
1403 8889
5380 1585
2988 5395
1950 6228
6312 2930
7815 644
7443 8959
4954 3433
1750 9805
7443 1346
7524 5205
8508 2390
4886 9599
6235 6740
471 8077
9187 3380
6380 1871
3994 1797
4565 9491
6318 3276
2615 7848
7987 1018
3428 1011
3356 7489
1560 6251
5943 8654
825 323
1615 3431
1940 4167
6654 9873
7679 6571
3411 6738
7915 4168
5563 2164
3443 2579
882 6362
5475 9242
9632 7947
4209 6927
6321 8123
5820 917
7 1803
7058 5874
3148 1690
2131 2779
2662 3737
6661 6747
1260 67
9723 7752
7918 5822
9644 1963
9682 7348
5632 5679
4918 4085
5016 1910
8254 4089
345 1872
8038 3584
67 2985
6280 9608
6474 5439
6316 2384
5046 8416
3690 8669
6487 8741
1430 3720
4671 5024
9528 1958
8871 5571
9595 5822
9584 1958
1849 3513
1184 4375
8550 7120
6797 1403
4458 4156
6138 8001
329 2450
8315 1726
7646 5684
3723 7256
3498 9380
1211 388
3147 5398
4534 1939
5232 3198
5087 2815
9380 515
1878 4310
5245 3517
5674 9620
2920 6591
693 563
628 6260
6008 7346
7069 1119
6633 6078
66 7887
3066 3684
7948 2213
9849 5023
6628 2475
2289 2473
7186 9077
4804 1674
5370 5876
1319 6848
4384 3258
2608 3191
6080 2920
6382 2797
2027 788
2865 1914
6652 7306
3922 82
49 1376
1174 4359
9367 9736
6942 8285
8673 2901
7879 1527
6369 2734
1429 3376
6177 3486
6040 6117
1986 3173
9771 6021
5503 372
2985 9043
1126 920
1129 1420
3456 59
8429 7359
1302 1269
9863 4705
315 3792
437 210
9461 290
6003 7928
1790 1100
6987 2494
5631 2569
8513 2796
313 7099
8165 559
4140 279
4355 539
6347 6134
1377 5077
6278 3915
88 4719
2355 4523
3978 6458
8071 2448
9110 1810
6738 7099
1498 3166
5923 4860
644 9768
532 3828
6854 3336
2504 2883
4785 8790
5883 6608
2385 3923
8214 2237
1939 1956
4074 659
6301 3648
46 7883
5675 8953
2861 2851
4751 7173
7970 4006
4376 9491
2790 2364
9952 4325
1191 4439
7357 2773
6149 9372
9535 1571
1580 9450
6539 9798
8362 8676
1695 213
1760 4452
6090 3363
9469 6845
8982 8856
5019 2406
2903 7290
9108 9810
2930 9401
6344 4378
1793 8333
8502 6562
1728 5115
5797 368
9854 536
9102 4928
704 4118
1446 5380
2528 2512
6992 3823
2965 6092
1134 7453
9395 4160
2915 2513
2068 8722
7129 7030
3995 5393
9745 4314
